050020211
031121201
221021201
121123002
221012201
203004102
221011212
211103111
022140102
211112201
112112011
230021111
400122102
104021111
121114001
410030112
111223001
500014002
320010312
131002211
121113102
401021111
311021111
100405001
122013012
140004101
122021202
050021111
302022101
112112201
112120212
122002122
050021112
220041001
121132001
131022102
040112202
212022012
220121111
113012201
131020211
121105002
221030201
121130201
131004102
112022011
202121111
301114002
301140101
311011211
212001401
220120121
103110212
140040011
112012111
131020111
121122011
230021021
130011211
140012201
113021111
030111101
050000411
310103202
211113011
320050002
221021112
111203101
130122102
211102121
302021112
400121202
011321021
211131002
032031101
122012201
113031101
220122101
121111121
212022102
121122012
302012111
122004101
311012111
104022002
131002212
230031101
120231101
113011211
131011121
230011211
500021111
104020212
211111212
112122101
221012011
121120121
012111122
310131011
021241001
103150002
130001402
050011112
221011112
122005002
032013101
112001112
021231012
021240011
221021021
140032001
201221101
022021011
310140101
410032001
311014002
300111211
221031011
022122102
400111122
211121201
122031102
111200501
310112112
050012111
013012111
122022011
130111122
211122102
012201401
310112202
230022102
310110311
221032001
301140011
210113002
320030112
112111112
041023002
220103202
221012201
500013101
311020211
113010221
050003011
131030112
050030111
211101401
220132002
022012112
211104102
113021201
140011302
022121112
101311121
121020212
111131011
230040012
230002021
202120211
040120101
102220301
212012201
111130112
211130111
121031012
211102212
202113102
122013011
112021111
320013001
202102111
130130201
111112111
211121112
212013101
212011212
112022102
112120302
103104102
202130111
302030112
050020212
310122011
302030202
203020212
203014001
104011122
122031102
201212022
121105002
130141001
112103112
112110221
122003201
140005002
140022101
041010312
112102211
121140011
410010132
320040012
120241002
320041001
130103111
410023002
401022102
010411211
320011212
122022101
202120202
111231101
121131012
201140011
220132002
113021001
320022102
211121101
121122011
121031001
031130112
301010211
220120301
121013102
311020201
030121101
021122102
220121102
220105001
202114002
210231012
050032001
211102122
211121112
221013012
122020301
211121201
301131102
220120211
131040102
032011301
301131011
121113101
310110311
122001312
302021202
320012112
113000501
230013102
013122102
121111301
131040011
311030022
112102212
111220302
041001301
122012112
121103202
230011202
211122011
210105001
112101311
211011122
311004001
220111301
111102212
032022102
211140012
130114001
112112112
121112111
103131102
131012101
202102121
122001221
210241002
211104002
121140101
212010311
122022102
022130111
212012101
031123002
131010311
212012101
122013102
032021112
140011212
120022102
112140102
310113002
102200121
122050002
122031002
005023002
202141001
120112012
202112112
040122011
220113101
122011122
211122101
131005002
103140101
311020302
021213102
121004101
021112112
211131101
130121201
311021112
121131102
221012202
130121112
121131101
210230202
400131101
302023002
121121111
221010401
221031011
120250002
111223001
140012112
103112112
212022102
022123002
220113012
111230201
201230102
113021201
220120212
103112111
410012111
031121202
220000321
301130201
201241002
011211212
121110221
301003201
121141002
301132001
220122012
130113011
410031011
002021202
221011211
211111212
202103202
301103111
220112202
131012112
112130201
031112201
050002301
211121111
121131101
122031101
212003112
221004102
320041001
122010222
230012102
300231101
014020122
050012112
212022011
210213102
311020301
022111301
122021112
121131012
102221102
040001301
211010401
021211212
111212112
110211121
211103101
201112012
221021111
021221112
131023001
023012112
014011301
112110221
230012202
210210311
211132001
111220211
500021111
202131012
120220121
101213101
131022101
211131012
032011121
112131101
212040011
320013011
023011211
004122102
230012201
221012202
040130202
131012201
140011211
300222012
220120302
022111202
022003111
311021201
031110311
210222102
122031012
221031001
211022102
102204102
120121112
211111122
211103202
410023002
122011111
230012201
301121201
211031102
112122011
131004102
031010211
113003112
211113101
220121102
220100212
310122102
122030202
120103011
111111122
320030112
221011212
301011211
211101402
221012201
211101221
121112022
032011302
212011301
140030111
012120212
210203022
320022101
311012101
202130021
220132001
022022101
131004101
122022101
112120211
032021202
031123002
211112202
202030112
022102211
320022011
131011211
122002211
040112111
122021111
210214001
410021111
120211302
111140102
212012111
122013102
311012111
012131101
400121201
211122011
021132002
221011211
311021112
103101122
211120021
221013001
013132002
113022101
211003012
220111122
140030112
032011121
211130001
140002112
122021111
121012101
211111121
012123001
122022101
302031011
221021201
121121112
221031012
211120211
320031101
211113012
021211301
121131012
212012112
001401211
302010302
112121111
023013102
201203201
210104012
230010211
401011301
410001212
021221202
401020302
121122101
121021112
212004101
111120212
050013012
311021202
131040102
130130111
310014002
113003112
311012201
103140012
212011102
030101111
211023002
112130101
311013102
140012021
221012112
320030111
202105001
211121201
300212112
120221111
211131012
202103201
122022102
005013102
111212022
003210402
111222012
221014001
230010312
131012111
130013011
230031011
401031101
200305002
140022101
130122001
211103111
112110222
221012111
210021022
320021111
211120301
210122101
031112111
031014002
311022102
131031102
221012201
120212202
301122102
202112112
310114001
301112111
221022101
221030021
211130112
050023001
210113011
202123001
401020122
121121112
311001131
220121012
302021112
211111302
032023001
220121011
202121112
013120212
050031012
211112112
320013011
131022001
212013101
130120212
310130112
310113101
210211302
110101222
112112202
302013101
122011111
041011211
112032002
121121201
211121201
211122102
121121111
220121112
311011211
112131012
121131102
400122102
400113102
301122102
220014002
113021201
221030201
120130102
300212112
221022101
320022101
230012112
401021201
122004011
121121111
230002302
211100051
040121111
311022012
221031012
014020212
140022012
220005001
012113101
202112112
121040101
201112201
121131101
311003102
221022012
410021112
211121201
040132001
230040101
122010212
130022101
013032002
041011211
050031102
131002211
302031102
113012111
032020211
320002121
112122101
410001221
111131001
210221111
113000501
310120212
211122011
220122102
022130101
500005001
122012112
022020302
212022012
410012112
101231002
211000502
130020212
121112101
211101402
310150002
212005002
112130011
310120212
211131102
130112201
041032001
013130101
401004101
111221111
121130021
104004012
104022011
112131101
302004012
131002211
113003021
121122102
410012021
221011302
500022101
202104012
041013012
410004012
202122101
050021111
131011111
131050001
220112012
400105001
103011211
320010311
301004002
211111122
131022101
230005002
200022102
311020122
310122012
102232001
131001222
230023002
131022011
301131102
112123001
220112112
500031101
410031011
103111121
401010311
130140102
211014002
040112111
022110312
112122101
122032002
130103201
121113012
140031102
130113102
112113101
221000501
311040101
221030202
320030021
212010222
310132002
130131102
311031012
212011301
121113102
113012021
230012112
311012112
111211211
022121202
130022102
050014002
130104101
230022001
221031101
311012111
300120111
400130112
401012202
130105002
122022101
113022102
302023002
220100502
032011211
041021202
400120121
220131102
211101311
401031001
112131101
320031011
032011211
130121012
122011302
221004102
130113101
130120021
302010311
112122102
320040011
221041001
311021112
040130201
131011301
130111211
311022011
311002301
202113101
212011301
211112202
003204012
220112201
131021112
104021201
320031101
212012111
131011302
320021021
013131012
031123001
410004012
221022011
220004011
311021112
201221021
120202211
212013101
311003202
201131102
221004011
122021022
221032002
301121112
221040012
031113011
013112111
120222011
131050001
113040102
220130111
011131102
202111302
212012112
221022001
120211212
120104102
311001221
210113101
130100322
202102121
131003102
201103202
122022001
032021202
130111302
130121111
131010112
300140012
400113101
301121112
221000411
310131101
121112111
400131011
050021112
221011212
211012111
050023001
050020302
202140102
201121112
122031102
201222102
310111302
221030111
112011122
121111211
111113102
111211122
300130111
013011202
120021012
031004001
301022012
320013101
111221011
310113102
050022102
221030111
131041002
202113001
050000402
040022001
210111122
002321201
032010312
211123001
212011211
211110402
221011102
211140102
310111212
041020302
111232002
031110311
004121111
032031101
131011301
221021201
050022011
121122101
302021111
311012201
221012201
021120212
113002111
221013102
210223002
120221111
131032002
031101311
320040101
212020211
112123002
121121202
041020301
311001221
131002211
122022012
040112201
301111211
311021101
211105001
211130112
201213101
041021201
111112201
121013102
112122011
230012112
211122101
212030202
311001221
211112011
031121202
032041001
211012112
230040101
122005002
301013102
041013012
310131101
310102301
401011212
310100412
111212201
220131102
050021021
022120212
211131011
211121111
102220212
113013002
311022011
112121112
212040102
220132001
022012112
212041001
320012201
023011031
131013101
221020301
102223002
320021022
112112112
320001402
301132002
211121112
220113102
221012112
401020121
220113012
400122102
113011211
230022101
131011121
220130202
211111212
103111212
041011212
111211212
112112111
102212112
013112022
211105001
201213011
220131002
202102021
122041001
111223002
221011212
211121202
210213011
220013102
202122012
041014001
121130101
131022012
221020121
410032001
212012112
221031102
221013012
113022101
121021111
221002301
130132001
031031012
302021112
140010402
022121012
211131101
410013102
113022102
230021112
131021201
202121202
012123002
130112112
003210311
113002121
221003111
023022011
301103111
113032002
111102111
130021101
120121202
121020022
310112202
211022012
050005001
310012102
131031101
311012202
130030101
022121201
041032001
041001311
112112201
310021011
202011111
201105002
110311302
005022102
131041002
200231102
112012201
001213002
122011301
022011301
221011302
201122002
111222011
410012111
212040012
121103102
012221202
310012202
301112112
311031101
021200321
202121112
022102202
220121111
112011211
122013011
220105001
202131012
021212201
030212202
311013011
121112111
002111212
121120211
310121021
202112112
400101401
220002032
131022102
121131102
212022011
031031002
021232001
221011111
122020212
041013102
130111121
104040011
210112201
310122102
211102111
112105001
131030102
500004101
211120302
310113001
041021112
113021201
202132002
211122101
221021111
211111112
220122012
203013011
130121111
113041002
112121202
101331102
230031102
022114001
202112111
211111211
310121202
111221111
004103201
022122101
210204101
113001312
320021201
032021202
211111121
121141001
113012111
320022001
121103012
221040011
221023002
500031102
202104012
112114001
401022012
202013012
122050001
122011302
122003202
023012201
130103111
301112112
202112011
140012201
220112112
131021112
400130202
050010402
023005001
230010312
140023001
212010221
121130201
212023001
031111211
112111032
220111212
212021202
131021111
111212112
140021111
311021111
140012202
130121202
140013011
111220212
031112101
320011302
140000411
041031011
104013001
122011302
212022102
311002212
202131101
230012202
013132001
121121201
221012112
212021111
121112111
201113102
500031102
112111211
130121111
311011212
050021112
210121202
310103112
104012201
302020211
311030021
400103201
212030201
031104001
040023001
302003111
301113101
202021111
131011111
032011212
220103101
121121112
201013102
310122102
220120302
122020011
112114001
112101211
301122001
310121201
301113001
202112201
211011302
211003112
020331012
500013102
310021012
220003111
121111302
050013102
203014002
112112201
021230101
140001311
130122102
103111211
121003202
301122102
311022102
032021111
221004102
112011212
221012022
103112002
220131102
040102302
110220212
211131012
221031011
050011211
131021201
031021011
121003112
201141001
111110222
031010201
203031001
121112201
311002112
221030021
221011212
104030202
122005002
212011302
121004102
220113011
130104101
122012111
122030111
130100502
113012202
040111101
031131101
121012202
112113012
021214002
211111031
212022012
121031101
220111211
041020211
300222101
202123001
301112112
211110122
120220111
230003022
203011212
010211302
310102211
050041001
112130201
311014001
212012112
311012111
041031101
221002122
202141002
301112112
013102302
212021111
311012202
131001402
211121201
030222102
221005001
311013102
140020121
012240101
112122012
221022101
113021202
230011302
120231101
211111211
121121202
210140102
211112021
121123002
302041001
031102212
101313101
122020301
122021202
202111212
211140101
023011301
031102301
311021202
112130112
203011212
112132002
130132002
121121111
230023002
212012112
012222011
041003111
221000321
320021202
112112022
302031102
112003202
041030112
211130112
005020302
201212202
030220211
220121112
140020021
203012201
121131012
221012111
122032002
131021012
113031101
121113101
221002211
211022012
131013001
112112201
120013012
221003111
212002301
212014001
031110031
203021202
121020212
410030101
311010121
211121201
401012101
120112201
101230111
031102211
310112201
021112111
310112011
203001401
211011212
220020211
211103001
131031012
111131101
302013102
131014002
130130101
112031011
121111302
301111202
113031012
120221112
212011002
131000502
122021011
110212112
400130112
101123001
112131102
031132002
031121201
311004101
401005002
211111301
221000141
013022012
212011301
401014002
121013102
140030112
310113102
131050001
210213001
122003201
111223002
230020212
230021021
203031012
212021111
230020121
320010402
310131011
120211122
311023001
310111121
140021112
131022102
201221111
120223001
410023001
212014001
031122102
211150001
121003021
032021112
112010312
310004102
320002111
210220122
113030001
122032001
220030102
012102212
112130201
031105001
012111032
202111211
050005002
031111122
112011102
301130102
201032002
212012011
302030201
201123002
010123002
212010201
122012201
401012202
121121111
121001301
320014001
113021112
104013012
311014001
122011031
120221202
230032001
014005001
201212111
300222101
112111122
211113011
211121112
112113102
300101312
220131012
113021112
122011212
131021201
302004012
103140102
302021202
212020202
023020201
121123002
050030201
211120022
004121111
032011121
121131102
041031101
112011212
220111201
120250001
122002121
121110311
111221201
200150002
210230201
202112112
401002212
112120031
400101311
103141001
121120212
211131102
121131101
113020302
212022102
202102302
220122012
013012102
221002301
112112201
005010221
122022102
301121112
310131101
103121201
221022012
212010311
211123001
113010302
032020202
023020121
131030202
230021021
112112201
211120201
031111211
013130111
120240012
104020301
041022101
021230112
050031101
040114001
202104011
131022101
122031101
131010312
230032001
003232001
050012112
023011121
121112202
211012021
410012112
101340101
041032001
102212201
112132001
320012202
311005001
410023001
201202211
310104101
400121201
220122101
311031102
013112202
050021111
230002302
230031102
112121202
031114001
212003201
311003021
131021101
203013101
021214001
111123002
221011302
310020302
130131101
301121111
211113102
221031102
212004012
041021112
021211201
221002211
012103202
023020302
122010222
302022102
130004011
032004102
230030011
203003022
311031101
401023001
011330201
112111121
013011211
311022012
221030202
311031011
301131101
311002211
311022101
122040101
121110221
121122101
022022012
050012201
113011211
220103202
122023001
111201312
301112202
121121111
320012111
221011212
212031101
011340101
310113102
211013011
211122012
212022101
211112112
013112201
410004011
131013101
301122101
112111212
111203112
111210211
113022001
301140101
202022102
100231102
140030002
032012112
014022012
012120302
040111211
400111211
302003101
301103102
300131101
310111111
300123002
113012202
210221111
004112022
120021001
220112201
140031102
050011011
021001011
221031012
140021201
011212111
221030111
112121202
121132001
032001312
230032001
023021022
310100321
121122012
220012202
230011121
410001212
301105001
104030201
031111201
111211122
320010311
130114002
212021201
050022102
211131101
311022101
011212112
212013011
023002302
320021201
211122102
121122101
112003111
221021111
130113011
013114002
211103111
013150001
212020211
130101221
311050001
311012022
220112111
311011122
102212112
121102211
230011212
121131011
210112112
121104011
201221022
400113101
211121022
112112112
311013101
210220202
300113102
211112201
121105001
040111301
320011121
112131102
301131102
311031011
500030202
020301401
112112112
122011121
221010312
410013012
122021112
112041001
112112111
500023002
013011122
311013011
140010311
230021202
320011211
320012111
212001311
220113101
120212112
301131101
122003112
111221202
202122102
221012201
410013101
012010302
040002211
311020211
112121201
111012101
221021112
230012202
211123001
320011201
004101401
140021111
113021101
221050002
401002121
230020211
121114001
320012102
311040102
011211111
110312201
032020212
203012111
310101311
212000322
130112022
311022102
230021202
130121111
310112111
004113102
320021202
032022101
131010312
113050001
131004101
311014001
210211121
101212101
041013101
122002211
211131101
410021022
203041001
212013102
103111212
212011122
302004102
140005002
221021112
211122101
320021112
211122011
140031101
400011212
131004102
131021112
111222101
212021111
211011112
120110311
211100311
220112112
040132001
320010312
400120212
131030111
140014002
221012012
031112111
112122012
211150002
212001221
202111302
121103201
131012111
211121022
310021111
212013101
122012201
122021112
401022011
220120211
121121201
201112112
311011201
220000502
221031102
212002211
220114002
221002211
101022102
113040101
401003102
111231101
203021101
300222012
201130022
221011111
020221202
032020301
230022012
311022102
320010312
112121202
221005002
311003111
111202301
121140101
212012111
310121112
221010211
111120031
310131011
221011301
022113012
040110401
112111122
220122101
050005001
020300322
122012111
121004011
320012201
040130201
121122101
013130112
050011121
220131102
400101222
111222102
121103111
004100232
122011122
212011301
131000142
301103201
410032002
104013012
301131102
130113012
201212111
202101401
310132001
140032001
022112201
221023001
032012111
212012201
221013011
302021112
103102212
211123002
221001131
121120301
023012201
320020302
211100412
211104102
212031012
023022011
113020302
023022012
131030201
122013101
401002212
211132001
300214002
211010302
010411121
131031101
410020121
113021201
311011212
121102211
131012111
401021112
103113101
112122011
122022012
111231102
110311212
311014001
112112112
401022011
400121101
212004011
050004012
212012201
122040012
400111211
320030021
400103111
022120111
210211211
230012101
050021112
320003101
401003201
221031012
103112202
120212021
211031011
212021202
013122101
221021112
211123001
121113012
212050002
022111211
131022101
301150001
122020301
130014002
302021112
103114001
012204102
122011211
211113012
410032001
121131011
112102212
211140102
410012202
300221201
211103111
014011211
211010202
012212111
310140101
014020212
201221111
320011121
111203201
221021201
211111121
011221111
120250002
220111201
131022001
410013101
201112112
212013102
230040012
121111111
120111211
212030111
122030202
131001221
311023002
230003202
140014002
050050002
120211212
220102031
311022102
212031101
112112112
031132001
122021201
311020122
131020211
041014001
050041002
202112111
112121202
211104012
130121202
212012202
140005001
113031011
400123001
103112101
121111112
040131101
121005002
203012201
040111111
113013011
113021012
013103101
200020112
311030111
212003201
121110121
211100501
211102211
211111212
104021021
221021111
113010111
221021011
311022101
311011301
302005001
220130022
131011211
202105001
230004012
310020121
003112201
220020112
211101302
140013101
021122101
050014002
301131101
310003101
111211012
031121021
121130011
310012111
112120121
211122102
220141001
211131012
410040101
031132001
011211121
121112201
302023002
301114002
221012111
131031101
220122101
022112112
310121112
110312011
050021111
023040101
301102211
031131101
410001311
410020211
301121201
014011122
311011121
014021112
310112201
500041001
220112112
140011212
102222102
220121111
013140012
120230112
130121112
212004011
500021112
202150001
211121112
210211211
013111202
112112111
112131011
012220301
111211301
112112201
212003201
120212112
112112102
031121111
320021112
203011302
210222011
301122001
121111202
200340101
320030112
050032002
311023002
210211111
030121202
221022101
120221111
221010401
301112202
210122011
122021111
112120122
131021111
211131011
122031101
302050001
221020121
410014002
020121201
221041002
130112202
112012112
203022101
211120031
013140012
103111211
131003101
130132002
311012112
310105001
112120012
311012202
211130202
121123001
302021202
102121112
110311212
122013102
131031012
211120211
112131102
102105002
221020302
050011212
104021111
040120211
302011301
112032001
030211302
220113101
032021202
211120211
050011121
211120211
401004102
311031011
212020211
301113011
202112112
121150001
220140101
230022102
221021201
022132001
112105001
004002212
201102211
113021112
301120111
002314002
401012111
203002301
211121201
301012112
212000412
121113001
130011112
311014001
212020212
221012012
221020211
110111212
320032001
201241001
212021112
320031011
203020112
022103111
221022101
310113001
301110402
500012112
410031102
212001212
111111031
410003112
032012201
121112112
041023002
130004002
212022011
023012201
111213102
022021201
022012101
211101402
212011201
211131012
041002201
401013102
050001401
212012101
210232002
311021202
300104102
131013012
211104002
200320212
131012111
400003111
111111202
112040102
210221111
310021201
212012012
013102301
212011212
021201221
212003201
012213102
121011212
130121111
203022011
220102301
211112202
221021201
401004102
130111121
210230112
212022101
112120211
112132002
122030201
301123001
121121201
212010311
122001311
230004011
210213102
113031012
211112201
202141001
140003201
140030111
230011211
112121202
211130111
112105002
113012022
021211212
023012201
203031012
221050002
211120211
023020211
104022102
202111031
212040012
401022101
022113012
113010031
500030202
302021112
210222011
122013102
211132002
212012202
311013101
041012202
220131101
401011111
310111211
301150001
230022101
310112112
301131011
221021022
400012112
040122102
301110311
320012111
121012202
400121111
211113101
113013102
212010312
310123001
221004102
302031012
211121201
031131102
230011121
220121112
211112201
230004102
410011302
102222101
230022011
140004101
120221101
311021111
211022102
221020201
401030202
122031101
311004101
211102121
003111212
120202122
410021111
021202112
220112021
111113011
202114002
310121001
112101402
121021112
220111202
200131012
202110301
212031102
031113102
012220112
410020212
050022101
140013101
121121112
111211211
302012111
201111122
113012202
140032001
102211121
050031102
311021021
210201402
112131102
121112021
030221202
113011111
311020212
301112112
121113012
041022011
112010211
211121111
311020301
210130201
220121201
012121112
122021201
320012202
112110121
311021201
140012112
410022011
320030102
040112112
203023002
113002212
012114001
210102211
012222101
202112021
212012101
310113101
113013011
112120122
220040001
401020301
103120122
030203011
111213011
220121201
230013101
210121102
121121021
201104101
500002212
112113002
301112101
211113102
311001302
031011011
301031102
410012011
230032001
121130201
310041001
112013101
211121011
140020201
320012102
131013101
220110131
122005001
202011101
311000411
310104001
012240011
302022101
211102301
102222012
112123002
050011211
211112112
103103112
203011301
211130112
131031102
301113102
221012111
050000411
023031101
311010311
211121202
202122012
113012021
311020301
103113011
122020212
121021111
212020211
040113012
140021201
032003101
131023001
210121112
211030201
113012201
212041002
302022101
041022101
212004102
221020301
203001222
220103202
202113102
301002121
131020301
211113101
211140102
212012201
221021201
031131102
320040102
201212201
221011301
302002301
031122101
310111302
140021112
212021111
112111211
112121202
211032001
140001401
130112201
301113012
121121111
311001311
031130111
041022101
122022011
500020212
031104102
111220021
121112012
120211212
121111201
111121111
220012001
320012202
201223001
310141002
310122101
112111021
120111001
210011112
211013101
311013011
120004101
122012202
140012112
210222012
230020302
013102201
221004101
221013012
031113011
221022101
212002211
220121201
140020212
410010312
221032002
230020122
131041002
111111302
032014002
140000502
211122012
012132001
104021202
202132001
203021201
131020202
311030112
221012201
122003112
230003112
220121101
211122101
500022101
103121111
040111202
212000501
131010311
301122101
031120201
202113101
311013012
030000412
310121011
120111101
140022102
011211212
120121202
121122011
111200011
130013002
012130201
212022011
121131101
122050001
120231012
040121112
500011211
311021112
113003202
005021001
301105002
131021202
023013102
041031101
230022101
401014001
121112201
211113011
310112111
211120302
104010312
311011121
121103111
302030201
211021022
112121111
221020121
102121112
210102211
212021202
122021111
121111211
500021202
320013012
131041002
301011212
220140102
040121112
230012201
210121202
111211121
310030001
310121102
410030112
203002121
130021011
130021111
220020111
122030111
311030202
230000501
202121112
112022102
021210401
050021111
311022012
201221202
211121111
230031011
131012111
311020211
130111211
211112111
220112012
220141001
400121202
202021021
130121111
122013101
211102212
004122012
112113102
220122012
221012111
130121202
302011112
032031012
401022012
112112112
031100311
130112112
212014002
203040102
031111211
112121111
121122101
013012202
121102211
210212111
210222101
121122011
221012021
201120302
050041001
121100311
301103021
112105002
310141001
211120201
220122102
113021021
211131101
310105001
202130112
111220121
103112201
121112111
031113101
121120211
113030112
221041001
121121202
220113012
140032001
230001221
031031011
221013101
310105001
113020011
130111012
221012101
212021202
302032002
410002212
131001312
022113101
310003112
212022012
112141001
230023001
211103202
202031012
211114001
212001311
131013102
122021112
013121111
203013012
211104011
111204101
320013102
230010311
030213101
112114002
301102212
112121102
400111211
311031102
050001401
140011121
122041001
211122102
111203112
022121111
210223002
212031101
120211121
130121202
220120302
012121021
320030111
302021112
130012112
211121201
113012101
310120122
120111302
022111211
130101301
401040001
212021201
131021021
112130202
104022102
301031012
230021011
302013011
302023001
220113101
122002111
121113102
122005002
311002121
011121002
130111211
022031011
104012101
021111202
301114001
005002012
130130002
202021021
202112102
121102121
122001221
211101102
112121201
300222102
011322101
301023002
111231012
202121202
320022102
203001221
230041001
112130111
122011122
211131101
031130201
012221112
221001222
320030111
050011301
211023002
102213012
122022011
220111202
310131011
401050002
040113012
040031102
112123002
201111301
112013101
130123001
410000311
211132002
121121202
131031011
112122011
112004101
212001311
220130111
112132002
013121021
220105001
140013102
221012112
302041001
310131101
311012202
023031101
004113102
040132001
121103111
031113102
122001211
112003202
131021011
302005001
014011212
140020212
040122001
202030112
201104011
111140102
112121201
320013101
030213011
111120212
121112101
212022002
210211121
311011102
041031102
500022011
302040101
131011212
041000502
110111121
131004101
202112112
140031012
311011212
302031011
400110211
401003202
220012021
130110131
201231101
221005002
401021112
121123002
131021112
200312101
113032001
311030202
041030201
230011212
320002031
030240101
120211211
310013101
040022101
111231102
310130112
021221202
021240101
050005002
131031101
221023002
130122101
220112202
113030202
230020031
120203201
131012012
401011121
220121111
221013011
031122011
220140011
310132001
203005002
211121111
210113001
130111212
212031102
211150001
221020111
310031002
202011212
400021022
005022101
050004101
220111301
111122101
022112112
210113102
102212021
320030021
112121111
220132001
112113012
122021111
013122101
220131102
212022102
311002302
202131101
320011212
202111122
212013101
212011212
121140011
013121111
230012022
230011122
130140102
211112022
041011121
121120212
022123002
220132001
203022102
310112201
050021021
112122002
041022102
301121202
311031101
201201221
113021111
221022101
131001402
014031101
212022101
122012112
211113102
131021022
103103011
211140012
221021202
211112202
230005001
201231001
220132001
121110111
500021111
311011201
201013012
302011302
221010211
210011112
302013101
012120121
212011121
130030202
121113011
220110311
120122101
130130022
021130111
310112201
130120211
103112112
211132001
111212202
301102122
310141001
211111211
121131012
220131012
230030112
211112112
013031101
041012202
014012111
121131101
220102301
140005002
040121111
203022102
023011111
221013101
112120302
031102212
103132001
202112111
221040101
111112012
131031011
131005001
120241001
220031002
050011302
220114001
221013101
121122011
122022012
040121021
211105001
113013101
401012111
300232002
203013101
121110211
220111111
112130021
212012101
221021112
301130111
301113101
410002101
210103102
211111302
113002202
112013102
102122011
102220301
010121102
203010402
211012101
120101401
401005001
310121201
120212202
212020211
202140012
111104002
211111122
032031101
121111121
302012202
050012111
023030202
131011302
301020212
211132002
005020301
121104102
311011212
212013011
140022102
012231101
211120121
050021112
112122102
121111211
221010311
310111121
311012202
041032002
113021111
401011211
310113012
021241001
230031012
220012112
140030202
320011122
311000502
203022012
113023002
120211211
021012112
212012012
211121201
202104101
230011211
021003101
230021011
122011211
050022101
112011212
021021112
121013102
131022012
112121112
320012112
121123002
221002032
101221021
320013012
112110402
121150001
131021201
210203112
130131101
121121201
131012201
230012111
211113011
220121201
212021201
212022011
221050002
202112112
211121112
041020202
301121111
112011121
111212112
302030111
500030021
112112112
202121202
121110402
121140101
022120212
221022012
311003021
202104101
112112112
221023001
310120211
032031002
050012111
301012112
031122102
122021111
212010402
320012112
041013101
032050002
112113101
113041002
103121112
302013102
131030112
050020211
031113012
012220211
221020211
320021202
122005002
211111212
121121201
221030112
001422102
203001222
221011121
120101312
400130112
212013101
020313012
212022102
302013101
311031101
221004101
101111022
103111211
410022001
400102211
032003021
041031011
014040011
221013102
221030111
211130111
203022012
311020301
031104101
400101221
212022012
131012111
112121011
211121201
121113101
221011302
031121112
130131101
401004101
220122101
020311302
211121112
130114002
122022011
113021202
500030202
111213012
041022101
401012201
112112112
220103202
120131101
030221111
310111211
211101211
301020302
040120302
140012201
050003111
104022012
030120211
210131012
104011301
014031102
220031101
220012202
211112021
212011211
023012111
121014002
400012101
310122001
211130202
112122101
140004102
410020201
221002111
121022011
210201212
110130102
211121112
041040011
032010211
120210312
140011112
220112012
202003202
131020212
230012022
410014001
121120212
211113101
031104011
212040011
131023002
102213102
040120121
112121111
022132002
111222012
130111301
211122101
212031012
301102211
311005001
112121201
212012111
031131101
212011302
202103101
220131101
130112201
302011211
050021021
122032001
221013011
401040101
500011211
203030112
220121112
500014002
221040101
310022101
005022101
211022102
202120211
202122101
310122012
211130202
140021202
220030101
050020211
311020211
112112112
050005001
302011212
221001312
320020212
310102302
131032002
230011212
121031011
212003201
211111112
022121202
121131101
310121202
230012202
310021112
311022102
140022102
041012202
030223002
022131012
320031102
131012111
302002301
400121202
500031101
113030201
302000311
211120301
121113012
022131002
030123001
320011121
301121022
113031011
113013101
121103201
041021202
320040012
041000502
202112111
310122002
121123001
212003112
131023002
410040012
040121202
122022101
211113011
410020301
221021202
050022102
102212021
131021111
112102302
022104101
410021202
102210402
311010221
221021101
112122102
131002211
112122101
130132001
040112112
211104102
121111212
113011121
311012111
140012201
130104012
311030102
112150001
220112202
410031102
230031101
212030112
401031102
221022102
112122102
212022102
120221111
211102201
210212112
104021202
211140011
111112202
111221112
211111111
320030201
140003111
311021201
012105002
230030102
131012202
041040101
301111201
311012111
500013011
013112112
111220112
111102022
140013101
121040102
230012012
301132002
050012201
500020212
201222102
120202022
211131001
120212011
032031012
122012102
050022001
140013102
023022012
130140011
310122102
221022101
120104102
310123001
013111112
130031012
031112202
120211111
111203011
410012112
111211211
011003001
112112201
212030112
311012201
003130112
112122102
031021111
210120211
401013101
301122101
211120121
203031101
302021001
212011031
202111201
140031011
211100212
112031102
202101312
122021202
212012101
021121111
113012202
202121021
131011121
023021202
202121202
400114002
121110222
203023001
311003112
221014002
212011301
113001311
050013101
103122102
121110401
122021112
112112111
212022102
320011301
410040101
220120121
410013012
121112112
212021111
230031101
320040012
130122012
220020212
140003202
301122102
121031011
212013101
211101312
310103111
041021111
301121101
111231101
212030201
012100322
131022102
203020302
122010132
202111212
041022012
230022101
122023002
220132002
310111121
050002211
122022001
311004012
031112202
202140102
410012112
112111201
212011302
140000502
320021111
122012112
500012111
112112021
202113101
221050002
112101311
121111211
023021112
401021111
111101402
221040101
211122101
113020301
212021202
320012112
400105002
211111302
005032001
301112022
104001311
103114001
311021021
230021021
121111211
320005002
111105001
300201311
230021111
121103111
112112021
050005001
212013102
300212112
102210131
121113011
131012112
221010401
040132001
041021111
400104011
131012101
212013011
120121102
005030201
120111211
031121021
022012112
121114001
201221111
121105001
311040101
500020212
220130201
012231102
230040012
211150002
113013012
121112202
221012102
041022101
013020121
113030201
211111212
111111212
230030112
212040012
221004011
301111212
120121112
014011302
221022102
301130202
041030111
410012112
030204102
012120202
111130101
021130021
212012112
212022011
500011211
010221101
100431102
030111121
211105002
221013001
220010211
311004101
113010131
131041002
212002301
111213102
022012201
131011022
210202202
140011211
101112102
311011211
211121111
230013011
301122102
202140102
410022102
013111122
122030201
112101312
121021022
014000321
131013011
022112101
320011211
211140102
122030112
220130202
050011301
220001301
120122011
201102112
120114002
111150002
121101401
320001301
310011211
111210312
102020212
212031102
401020111
230021112
310130111
400112111
211110121
112131012
103112021
320014001
110321111
012110402
121022102
221020021
311004011
041012201
112000301
221010212
005004011
120121111
221010221
201113011
112121111
112111211
130113101
140012201
121112202
211113101
122023002
301113102
310105001
022112201
140012202
122005002
201250002
410021202
202031012
310112201
221022101
102212111
104011212
041021021
103112022
202110222
131013102
212001402
220121021
302013102
014032002
202122101
050013011
112120211
230011302
131001311
400131102
121140011
032021112
023021102
112121112
032020302
300211211
131041002
221013101
121103201
211112112
221021202
201232002
111212201
140021111
022122011
500030111
203005002
301131101
113021202
122013102
041020031
211111301
203012022
111214002
400101121
311032001
050022011
210122101
221014001
130120122
221010401
302040012
122000321
211102111
400111211
122022101
212022101
220120121
221021202
131002212
410020212
050021112
310111202
040121112
311030201
203003111
211111212
112112201
500005001
500031102
220103201
212012022
130120112
032012021
401010311
013102302
121111212
122012202
121131101
212030201
130121021
120204102
131030111
301112201
201213012
120111301
113050002
311031012
301122011
302031101
212031102
022121101
040121101
113040011
121103111
221013001
210211212
121012201
211111201
011121102
122050001
201132002
410040011
131001221
230040012
041012202
221031102
301141001
131030111
310030202
302004012
212011112
103140001
202131011
201021102
230050002
103020111
011211301
021111111
300222101
221050002
122013012
311030111
220121202
130121111
230040101
230012112
130112111
121102211
220113101
311040102
112121022
023030111
302021112
201223002
005005002
221012011
131012101
212012022
032011211
310122012
212000501
230011201
122020212
211112112
032013101
040103111
102214001
211113001
230012201
221021201
202011011
212020301
220123001
220132001
211121101
210211122
040121001
221011302
221021112
230011211
203011302
122011302
212014001
210211211
013122101
202104102
121121202
121123001
121111031
102250001
122011302
230031102
311021201
022120212
302020112
211132002
012020302
400122011
220121021
221002302
203021102
021221001
202012101
230021202
230011212
121121201
220101202
032030101
201112201
122011212
211112201
410021201
311012111
211121112
320022102
041021201
320031011
022102032
041040011
310130022
212004011
500010221
121121201
121122011
221011121
211120121
050032001
041020122
031121202
120112112
211120302
112131011
103130111
320013102
410011211
112122012
013112111
210231011
112111212
130130111
111110222
032004012
113013102
220112112
401011301
230013001
012202211
220112111
230014002
121132002
212013102
220122011
221021201
202122101
131021111
121102211
130104101
121111301
401011212
311021202
311040101
220111302
201214002
301122102
040132001
212032001
131021202
500021202
301122002
311032002
202131012
112112201
050020212
131011301
221020302
112020212
121132002
301112111
221011112
121112111
220104001
220112021
410050002
221002302
220120211
212021201
112040011
122011302
130114002
410030111
221022011
003010212
122022102
130022012
220150002
220102302
122030101
022120302
121021111
201212102
121111012
410011212
211110402
113021102
012121202
400121111
131021112
300122101
021222012
401021202
311032002
112121111
230012202
041020302
012121112
211121102
111222011
022111021
023031102
013014002
220122102
104040011
200213102
121121112
112132002
212030001
030003102
012004011
111212021
311001312
311013011
050010312
311021112
005022012
110222012
140011302
221030201
130013102
121122102
130100052
122023001
230002211
121120302
013132001
121121202
400113101
211111211
230014001
311022101
211114001
301112112
113013101
410022002
112011212
230041001
230001401
320002121
210111211
211122102
031021101
131013001
311030111
203030012
202113102
122012111
301012112
131004101
230011202
320041001
401010122
212021202
004031102
221000502
230013102
131012202
111221202
112101132
220001131
410012111
220113101
203021111
221011211
040122011
410041001
112130111
230012201
212004011
112012111
311013012
300231101
130012202
221002211
311005002
221011211
300121112
401002302
221001222
202113011
023040102
030122102
111210301
212001221
140012112
210140011
221012101
111000402
220132001
310012111
221021112
211004102
400130011
005021202
310032002
212000502
221012112
203021022
221010312
401022012
120222011
121105002
211131011
302022102
401013011
140031101
311022012
310122011
112121202
111231012
310110401
112121112
112102211
121113102
130105002
211014001
401011302
310132002
121111211
122001222
120131012
401014001
111231101
032021112
220132001
050020301
212012201
211131012
221031101
201131101
112150001
122013101
121111211
220102211
131012022
230040101
311041002
041011212
311021111
400130201
113013101
302020211
012130112
022121112
022110402
230041002
140002211
040131101
220104011
130121201
212013011
210212201
121111301
221031012
211113101
200220212
400140012
103131012
211113011
500013002
012230112
130121202
320040012
220112201
310121111
410013101
300121111
400122101
212012112
221011302
201113002
111220301
050004002
130021111
211121112
122022011
211122102
013104011
121122102
041010311
111201222
320001212
005010041
012122101
112123002
221011121
121120201
310121112
101321102
013110312
011201202
112120302
122022011
301121202
311021112
212012111
221013012
122020122
310112111
230020212
221011301
211103202
032022011
122030111
230012111
310141001
202121112
410001311
112021202
131013011
100431012
031112112
203011212
310112201
103112201
120101301
311022012
301120212
014031012
400123001
203022102
122003202
311012111
203011111
320011202
301131101
202111112
301121201
131001301
311021111
211112111
140030202
210112112
104012201
101012101
500012111
122020302
401021102
220101312
211113011
212031102
311002121
022111121
230022011
005022101
221030201
410020031
131021202
311012012
121121111
122013101
122032001
130103202
320014002
221020121
040111121
050020122
112131011
140021112
130121112
121111202
140020032
211122102
112021111
202120301
221041002
320032002
201113101
131030202
211131101
301131101
130112202
211004011
112131101
113050002
112120122
301113001
202131102
221021112
320022101
212004101
311010311
221021202
210222102
120103102
113020212
311021112
311022011
500001311
320032001
203002211
320032002
311022101
320011121
112140101
230021101
220121201
401011022
120121101
211012101
200214001
211121111
121021112
211121111
050022101
022113102
202120211
122012112
230012112
040130112
311022102
220112001
212012112
030114001
022131102
311012112
203032001
130120211
130011122
211112101
300241001
221011201
050021202
021020011
130121111
230031011
131012202
220000412
212021112
131030111
121121201
301130112
140013102
300221112
014031101
301121201
122032002
041022102
122003201
120104012
212003111
131002301
302041002
112122101
310113101
102213011
130131101
050031012
221012202
140005001
121121201
121110312
212012112
210112202
104014002
212012101
113013102
122022101
014001401
320021021
211132002
310121202
050031102
212001311
110212102
220103202
311004102
221011211
211120112
310112201
121101221
203011112
121131012
203013011
221030112
121002111
203030021
131012012
311013102
012112112
121122102
311014001
210222102
122012111
311013011
022103102
410014001
410000502
121112111
220011212
211102121
012204102
131012201
220114002
131012202
121112111
221012202
221020302
014010221
211120111
201100412
031030202
102231012
103123002
310110021
113012012
202120121
311011121
221013101
120113102
310102302
111221112
230023002
311012112
311013012
320041002
310130112
050005002
040102212
230011121
121131101
311011302
011303201
131011211
031121201
302023001
300212101
311031012
400103202
113032002
221010301
022102211
121103022
211122102
202104012
040113011
401002211
112122101
022122102
131021012
221021112
230021112
310121021
311012111
050002211
013041002
230021201
113012201
111214002
022132001
022113001
131021111
140030101
211030112
203012111
211123001
320012201
111204101
030120302
211112201
022102122
310111212
112112011
112131102
220105002
030222101
230004102
110305002
111113101
311040101
203031011
030212022
203000412
221012112
002331101
120232002
212012111
032040102
121131102
103030112
032021111
211111211
131012202
031102122
211130022
021222011
210011122
122010211
102221202
302002122
212021102
221004101
221022102
201210132
230022101
311013012
211031101
221011212
122011211
121110402
202012202
212021111
500021202
230013001
050023002
050004101
122050002
301122101
023010402
013103021
102121202
050014001
030131012
300212022
122012201
221011211
310121021
410022101
221011212
130111121
131013012
311021201
311004102
221023002
122022011
140022101
311022012
320010021
121131101
050003111
121003202
221030011
112012112
301111112
110113101
131020121
140012022
112130021
111211021
201103111
130005002
211141002
221040001
021121112
311010302
221012202
122021022
230003202
041011202
110213102
032003111
113002111
320032001
300101212
122021202
301130021
031022011
040022011
031103101
031011112
031112101
300112012
111213101
211122102
111221111
121120121
040132002
121141001
410011301
121123002
121123001
211131101
220105001
211102302
041032001
140005001
112105001
221021112
120212022
121130201
131021202
210211212
032012202
221020121
211132001
131032001
220131101
122010211
410040101
022121202
301110311
050002212
212005001
311014001
221031012
121120211
103132002
211131102
122011032
212011211
012200322
113021111
131010312
320031001
122011212
221003112
122022102
310131102
401013102
131012111
302030111
320014002
121112201
211131011
010222002
320012101
130121112
203003111
220131102
230021111
121121111
211132001
202111122
211131101
030232002
112104011
121113012
202120212
221011301
202105002
202113012
131031102
311021202
320005001
212050002
111203111
221010221
302011211
113003111
210222011
122003202
122003201
113022102
302012112
220121201
021214002
050031102
221010401
130123001
112011301
050013012
310123002
011331102
230021202
220130202
310141002
104002122
311021111
211121201
130105001
400130202
301121111
220140012
120140001
500030111
022111112
212041001
140004101
221020122
220112102
022104102
410012201
041012111
022112111
014021011
320050001
121004102
203040101
220012111
211104101
221021112
111111212
221001401
210203111
302020211
212022011
103111211
032031011
122031101
104022102
111112202
310122101
212004102
212031011
121130101
131032001
211120211
111231102
131012102
032011211
212011211
050012202
040120212
201201311
310121112
112113101
221013011
121102201
120212111
211020211
121112101
121112011
022131102
103114001
131031101
040121111
401011211
410011212
202122102
032031102
122003101
121122102
130120212
121131011
112011201
311021111
410004011
320031012
122020031
221032001
121110312
112103202
104020102
311020202
121130202
221020301
221011101
014001211
311010401
032021022
111212112
103001122
013112201
210122102
012100401
121111201
112021112
221011121
050012202
111203112
111120121
111211122
302001221
111212112
221021112
220122011
030210402
202131001
410020212
104030201
212002211
030241002
401014001
201112112
131011201
121022102
210231011
220122001
131022012
112111211
120011112
212011201
111112201
211003112
201111301
103122002
031011101
211140101
122010401
210102211
030132001
121102301
230021111
311031101
050020111
003102101
030103101
401002111
013031012
301032001
131003201
104003112
401020121
410004102
301101312
410013102
211101311
311021112
311003111
410032002
400112101
320010312
202130202
122021202
211122011
130101221
211141002
031013102
211121201
032023001
140013012
311002122
112113101
220122101
401031011
131020202
300112201
221041002
310150001
032000311
013150002
040140011
320004102
131010311
311030101
211103111
311031012
220112111
212050001
032022102
212004101
023012112
212021202
230031102
202012201
130103022
040113012
221003201
122011122
202121201
230022102
211114002
121130202
112121201
021213102
301131101
122021112
212001301
230002121
103140012
140031102
211003011
220120211
221020121
212003202
050012202
121113102
202122011
103122012
112121111
103103202
131010221
041002302
032022012
212022102
221011211
220022101
014011212
201212202
032021201
050030021
220040011
320032002
111231101
220111212
211130112
131023002
112110221
202120302
221041001
230013102
131011212
221030202
211113001
221010402
013121112
320021111
320012102
211121112
112131101
211112112
221022012
202122012
301111122
210200411
202131011
410021202
211150001
211130112
140001311
320003201
410021202
140031011
212004001
221012111
410023002
302012102
311031101
021210301
021114001
220011111
220105002
113032002
130102212
140013011
122011111
500002212
112113102
111232002
011321101
220130012
211113102
410013101
121112022
111131001
030105001
023021111
032005001
004121112
120011302
210022012
211011211
121001221
221012202
212013011
121141002
200213012
121140011
112121111
041031101
211102212
013111302
130140012
230030112
202112111
311021111
201212112
022122012
211113101
301022012
041022011
212020212
211103201
230022101
130111211
221021111
122031102
041011212
211020201
230005001
400103201
140013001
121111301
212031101
301102301
112111111
111102211
012212021
211121111
220110221
113004012
410040011
023000122
500022101
050000402
131021112
112013102
302001211
201220302
120103001
311021111
320023001
131000502
041002111
221012111
012020301
320011212
121121021
221040011
311012112
212014002
120221112
122001312
310023002
040002211
023011211
030030102
122014001
050023001
140040101
211122012
130132002
012130202
112131102
121130202
040112022
221040102
310130202
112112112
211111302
021222101
050012112
212040011
103111301
121110311
032022012
212012202
122022012
022020302
220122011
103122011
103031012
210205002
131012111
230023002
110213002
410040011
122013101
310110221
140021202
131021201
004130201
221011121
221023001
410005002
212020211
101321112
202104102
220111211
131030201
230010222
023030111
311032001
212013101
131012202
121011211
211122012
140004101
122021022
230014002
031101401
121112201
400121202
311021002
121121202
003220212
221022012
022111122
212032001
410021202
400121202
112121112
301113101
130132001
220105002
131030022
221011212
031113102
211105002
113022001
120211302
112031101
022122101
212013101
050001211
120123002
112101311
301001221
212021202
120200501
410041001
121113011
104000411
320004102
310112111
311050001
212001222
202111212
012212201
122030102
220121111
022111301
012223001
202112201
030241001
023003112
121131002
211112201
102221112
500022002
220111011
112121202
121114001
201221202
221022012
121103022
220111111
112122102
311011121
131013101
220120301
401021022
120110402
121122001
120210131
311040101
041022011
301111302
050004101
212012112
140003111
220131012
221004011
121123002
200322101
130141002
410013102
032031102
202031001
320013102
041012021
221013011
003221201
121001221
031112112
140003102
221003022
022103202
122031101
302032001
212011111
113010402
130102302
500014001
320022101
050040101
120220111
120214001
111203111
212010402
310132002
131011301
401020301
203011121
211122101
121121112
111103111
401041001
112011201
112131012
011322101
212012202
310112112
111111301
230021112
220111211
012112112
030212022
121113101
320002302
130021102
040112202
031030112
230021022
320011212
111221111
002222002
203040012
004122101
021101212
230012022
401041001
211130112
202111211
300221111
220113011
202113101
130103111
121114002
202103102
022120122
113013102
311001401
031101211
122013011
220013011
211132001
230005002
122005001
221011021
310121101
140012112
130105002
210113101
122031101
102240002
311021111
302021202
110112102
230010311
211112111
103121201
201011212
111210202
210221201
202004011
112031011
221012101
050003111
310110301
040004002
211101201
310102122
111101312
021113001
212011122
112102121
210211122
011020211
201122001
140013012
221002212
211112012
112111201
500003202
113012111
221013101
320020111
210241001
230031101
310130112
041011121
221010221
103012201
220113101
140021202
203002121
113030111
212020211
140011302
221022011
211121112
013141001
120220302
122020211
221031011
121131102
122021202
131023002
220121202
121121022
121131012
023021202
211112111
050031102
040131011
230031102
203011031
211120302
102221111
301112202
211121201
301120212
220111211
210210402
121123002
410013102
211104012
012202302
211121111
050020201
101311121
122012111
401012112
112114001
113030202
122031102
120212201
212012202
122022011
221011211
041000502
140003111
140020302
103122102
140005001
221012201
131000232
022112112
122011211
410030022
221005001
302012112
131013102
050021112
050022012
410031011
310112111
113013101
220112112
221013012
140003202
021213102
211123001
230013101
112102122
013003102
211123001
032030112
121122102
121103111
211112021
121102031
221002121
230011212
122003101
103111211
400012202
113041001
122011301
211102212
212013011
004120302
230010221
201212111
221012112
400013011
211113101
500013102
031114002
130012112
041011122
113021201
320031011
410003202
320032002
202111102
202101221
120103112
230004012
212031102
122030021
310112011
021011111
310004102
211103201
212031102
221020212
400131102
112111212
500010121
004140012
230002212
131014001
311012102
121114001
320020012
221001211
221010312
140002211
005031011
131014001
320012202
130122101
202011211
040030111
014021202
121121202
005023001
302012202
202113102
211012202
212022011
050041002
202111302
022111302
410021111
120232001
220111212
311012201
221050001
221012022
300221112
140021111
140011212
400121111
230031102
122013011
211121112
202105002
031120302
320040101
400103111
022021022
203023001
102122102
410004102
211111301
210211212
112122102
320004012
104013011
311014001
320011112
011221111
220112112
130121112
211122011
130131102
131023001
320010311
031023002
310011201
212001121
311004012
121111212
311011211
040121101
111212101
310120301
113040101
112103202
202103201
041010301
121140101
311021111
113012111
203021021
131021101
013121112
112121112
031122011
031120212
302002302
031114001
023011301
040112112
122012112
140032001
122021202
121113012
041022102
210222012
212021112
410030202
050031012
113020112
121122011
041040101
140012101
022141002
400030022
120222101
311021112
211111202
120223002
031120122
401021201
103112112
202130201
032014001
320031102
113011301
130112111
113031102
113002211
121131012
230012112
203013101
121121111
221011212
103121111
302022101
211120111
210204102
212013102
230021201
212013012
220120211
311013012
202113102
121103011
102131011
103123002
111231011
212041001
320030111
410030202
210240011
220102111
210240012
113021111
220121201
310120202
130122102
013111121
032032001
311001401
103122101
310112202
113012111
302012202
220131011
130120212
121121111
311003202
120202212
130123001
230021202
210222101
311022101
121111112
311012201
111205002
140020211
121122101
300210131
131022002
230040102
041002121
212004012
002130111
220103102
400004102
120210311
122013011
120023001
112041002
112010202
310113011
311040101
005014001
201221112
030012111
022130102
210004001
111213012
140010042
050020121
050011301
023020301
011112201
221000321
121113101
111220211
211123002
122010401
111203022
112122102
112113012
131004102
311003201
011211301
202120021
122012111
400013101
220022102
112103112
122031011
130150002
410012201
310011301
302014001
122021111
211012112
120220121
013121011
220120211
050002211
022105001
230032002
203020122
400122011
212021022
130112201
221012112
311012201
310101132
120231011
122012022
220122001
301102301
400122101
230001312
211013011
130131101
014023002
310140101
112120111
121110222
230022012
111211212
300110311
030220121
031012101
022121202
121012111
030132001
131005002
021223002
121031102
041021111
021012112
301130101
031104101
220112202
014023001
311002212
220120212
022031102
401011212
203022012
122022001
310103202
021212111
010231102
211011122
212004011
120223001
103113011
104021021
203002212
130010312
211030022
203021112
301004101
103002212
040112201
113021112
131022102
212021112
140014002
500012201
302022012
311022101
221012202
111223002
111111212
121011302
301120211
031101312
113021202
310111211
301112111
032004102
220121112
030222011
004104101
211100501
410022012
103110402
122011212
201231012
122004012
310102302
021230202
013122011
311012112
103105002
201003112
210203202
220021202
220111301
121105002
300213102
410040012
211103111
220122102
202122102
210204102
221050001
211130201
121112111
301013101
031121022
121023001
121103112
320032001
410013102
311014001
211103201
122010221
211121112
230003201
121102211
140020211
311012201
023011211
211103202
202113102
212013012
131021112
002323001
203013102
121113012
050030012
031120211
122020122
121121111
121130112
211114001
410022102
410012021
230001312
311011211
122041002
030131101
012212202
230004101
410002021
140032002
221023002
400120302
211103112
102221202
013021101
110321022
212021112
102230112
031141001
221021201
111100411
014011211
230021201
220112021
212011121
401032002
230012111
030121111
212011122
221030101
104031101
311011301
220010312
210222102
121102212
050003112
031130202
211004102
211113101
111105001
500020121
121120302
401000312
122020211
211110122
221031101
410021202
121120201
212021112
102113012
500002021
112100312
022131101
113002111
121131102
300232002
401031012
122012101
210240101
022002121
140011122
212011211
212004011
212012201
320021112
021210111
220111212
211123001
211013101
130121201
023031011
121122102
221012012
102113011
112110111
301002111
023011111
121022011
121031001
220113012
212011211
012221112
401002112
121030111
013111212
111112111
113011212
031132002
212022012
410021202
302031011
121132002
220103111
050004011
212021202
013113102
221010312
031013012
210202122
121014002
113041001
140030112
212031101
102122001
401011121
102232002
032003202
121121111
210140001
014012202
111220111
310011211
121112111
050012202
131002211
112022011
021204001
112010312
220022012
130002112
101201011
221022101
113011201
022110111
220101302
220132001
211122102
220110222
300023001
310111212
030122012
220122012
120231102
032032001
041020201
103131001
212021101
113023001
022014002
221040101
113030111
221022102
102202302
122021111
221011211
311010312
401032001
122011302
211121111
112121112
120230021
202131102
211111211
220131102
122021201
220122102
121112112
320011121
131020212
112111102
202130111
410000411
110312201
031120211
301105002
203013012
122003201
023001312
221022102
211122101
320005002
221020031
211120302
230013102
211130111
221021111
102113102
211111301
030113012
212002301
031011302
320020212
311012021
113014002
410005001
410011201
130121111
112123002
212005001
013121201
221020211
112131012
032013102
221004012
121102032
220131101
320003112
311041002
121112201
031111211
121031012
040121111
102103022
400103111
212030111
230011211
050012202
140021021
401022102
113021202
122022012
230040101
122031101
014022102
140012021
122003202
220131012
400112202
311001312
022141001
220013011
112004001
130130112
200232002
121100502
120121022
121104101
212031102
211112111
320022011
122031102
140031011
031122102
203002212
410050001
400122101
211103111
121013102
131020111
110214002
310120012
221011202
301022011
301112111
320005001
230021111
220102212
212012111
130131012
112121011
221003201
212022101
112022102
122000311
201123001
301122102
220012112
022022012
212012111
032003112
401013011
200312111
041021112
410021201
410003112
201113101
220040011
311050002
221021111
140031011
113013102
210214002
320012012
202112111
500012111
032020211
212021111
201122012
112112201
221022011
200331011
202111212
220112111
013121202
101305002
023022011
301140011
110321111
050011201
202113102
211113102
121122102
310005001
301131102
102213102
022112112
211031102
113021201
211132002
211031102
130104101
131010401
003111211
113022011
121131001
041021201
320022001
130121112
221011211
311003101
121104102
202132002
301111121
200303021
201240012
131021202
220011121
401003112
302012202
103004101
112122102
212031102
014002111
111110202
311011121
210111021
131004102
301102112
005012202
221013001
131013101
032021201
121021111
031114002
310112012
040121102
112041001
111011301
050014002
013131101
112031002
131021002
310012201
221010402
201012102
130102101
500011021
300231011
130130202
230002211
040121112
212021201
022113011
311022012
121131011
121100502
110311212
041013001
050040101
022112021
131012201
012222102
211013101
122012112
032012202
112101402
500021111
031110221
400131101
203021111
221001311
211111211
112112022
140020211
122020122
131012201
300204012
320004102
311011211
131020302
112140102
122021111
131003111
131010212
023021202
140013011
211113011
203011211
301121201
112001222
130130112
113031102
202121112
203012111
310112201
203013102
120220211
500002302
131021201
311020211
311040101
220140101
050012111
022120302
112112111
201221112
041012202
311013102
221031012
310122101
112131011
212022001
301131012
212030021
211120121
104012112
013111031
230012201
122001402
121150001
111020212
320013102
311022101
030240102
021202302
113002121
112130112
203014001
121120121
104013012
131022011
140020302
200222102
211111211
202122012
211131101
201202302
230021011
022020212
301122012
211122011
221000411
131023002
211111121
410020212
131021112
220103111
140022011
121121021
041031101
211121202
302011211
221021112
112140012
101222012
112111212
112122102
100420301
140021201
112130021
221021111
021231002
130030112
311010402
211021201
120113001
230032001
310112111
104040002
310113002
111213012
103131101
211132002
212020122
311013102
401032002
301121201
112104102
400122102
121102212
111212111
400100502
104021101
202122012
112131012
130022102
111212202
023030201
211140101
211121111
212013011
201131102
121130202
320011101
022011211
310031102
200204012
130111302
022122101
020211202
040004012
211112201
131040102
230000031
113050001
311004102
310131012
131032001
031110311
110112202
050014001
031022001
031003002
112141001
131050002
230040101
212012112
112112111
031141001
201113102
120201222
010312201
112004012
140020302
230021112
140040102
500003022
140012111
320021201
122022102
121012012
112111111
021230011
012210402
301140101
300202211
111132002
211121102
310020211
113031102
311014001
140021112
202131012
112010311
401030112
211111121
311012201
211102301
220131102
220122101
102212112
400100412
122023001
130121112
311020212
230013012
012122102
221014001
121112111
050021201
211111212
311011122
121121111
212011121
121131011
203014002
111212022
112140001
002312111
201213011
110311111
030221111
401020302
111221112
202131012
202012112
130123002
302002211
410013102
050022011
130103021
230001121
220121112
121112202
131021112
041011302
121131011
111221111
210212112
230013011
012123002
311030112
121113012
211110311
121121021
013004101
013102111
040112102
221022012
410031102
032012201
320020121
022111011
112114002
140005001
220113101
140032002
212022101
121112111
122011121
131011212
112111211
211122101
401022102
212030111
310131012
113022011
311011211
203030112
401031102
401012112
311032001
111210221
131013101
013130112
320031011
311031102
301103202
032010311
401020212
121131102
131022101
022012112
212032001
220104012
050010402
230022101
121113011
301113102
211112201
121121022
210221111
301131101
121130111
201113101
031022101
040105001
221012201
200311122
120104102
021104102
500013011
112113012
203022102
104041002
320013102
212012111
230011211
320020302
031131102
211114002
121112112
410021011
122031011
022021022
121112101
031112102
122003011
310121111
221004011
500030111
121120122
230012111
311022101
310122101
220003112
201123001
230030112
311012112
211112112
301022102
211113101
212030021
311021112
211140012
212012201
130130021
131031101
140013101
302011112
220030201
013130112
010321202
140013101
003214001
131014002
302005002
311011301
302011122
311012012
210100302
113011211
021111212
202031102
113011201
301120211
500023001
221002101
302002212
130130012
110320211
221021111
121112102
401003011
110113012
111212102
102114001
032001401
050005001
005022102
113012112
200313011
221013012
130121111
103121112
211103201
401012111
220012011
311040002
140014001
320011211
131013101
302021011
013112021
301103201
230021101
320040011
113002111
211031012
310131102
112111302
121123002
310102031
112113002
311005001
202141001
130031012
122021201
201121202
130021102
140032002
211031102
400122012
130011212
211121002
120221202
202140101
121110401
221031102
221031102
202131011
311012102
301123002
211113101
500022102
113023002
221050001
140030112
203002301
031131102
212010402
122031012
023012111
221031101
121114001
131002302
110310222
131011212
400121202
113022101
121120211
121105001
122020301
032023001
140012112
131005002
300250002
220121111
113011212
301112102
310012111
130141002
201211122
122013011
131040102
212002122
021212202
230011122
212002212
031031011
211105001
131004011
212011301
121131011
500031102
401031012
102221112
221021112
212022012
131023001
003111211
212032001
102222101
131021111
122040011
212022102
230012112
031132002
111210131
121105002
202113012
031111302
401012101
122031101
111112201
320022011
121011112
211112021
410030022
302022011
122011211
021223002
012203201
311041002
120221201
121120121
201230112
311002301
200341002
302040101
202004101
131022011
221010222
401023001
310122101
031122102
120240101
140031101
131002111
211021202
040120202
320021111
220123001
121113012
012123002
000410001
300011201
112110221
211131101
041021102
102221111
221010311
121012111
211122102
220122101
212014002
202113012
031122012
400121112
121120122
221021112
121123002
111130111
130121202
012122102
131021112
302013102
500001402
301104102
400022102
203011122
212011301
003220301
012212202
022113102
212022101
220022101
120241001
040121201
221022101
311030201
131022101
211121111
112103112
311001211
112113012
122031101
211112111
201231012
131021202
111113101
122031011
230040102
131010311
120110221
112132002
320032001
012123002
212020211
200221111
301120211
230001221
112150002
130131101
121021101
202122001
300121202
120111032
301122011
212023001
212020121
300221201
111211212
032022101
032023002
032021111
121102302
050012111
210013011
310131012
230031101
121132001
311002302
121131011
013132002
120214001
021100411
112130201
131020301
212022001
031030022
302013101
210231001
140040102
230050001
301121022
032011121
140041002
401021021
410011121
310013101
121104101
211113102
210204012
320013101
401022102
221022012
121131102
122020121
031032001
202131011
311012111
120222002
301114001
112023002
131012202
212021201
005040012
112132001
220150002
130111212
221000321
121121202
111211111
011221111
310111211
301121202
221000121
230013101
140014001
131040101
023012111
221022101
212000502
301141001
221011212
230013101
311001222
013105002
120230201
022121201
212011302
122003021
112113102
202121202
311031102
211113102
113001312
230030112
122031101
202120211
022112201
211131012
104030021
021112112
301121111
111112012
130101221
031131101
112102302
112130202
012213101
211130021
311004102
040121201
301020121
410050002
220105001
113023001
221011211
131012202
022123002
012211301
131012111
122011211
005022102
122020212
202122102
041022102
221021011
212013011
140003022
013121202
000500051
112110311
122040101
401020121
121102112
002113102
320020011
112111111
112011202
111230011
202120201
301104102
210121101
220013102
011120121
320022101
041013012
122013011
122011211
400112202
040111111
130130111
121111211
203022102
201221111
221023002
120122102
121121111
003220302
320021112
111031012
021221202
311020211
032032002
211104102
040101401
012122101
110221102
103140011
130132001
040031102
201212101
320031012
212023001
121121111
302022011
041020211
211111212
005012201
122012111
311012112
310131102
212005002
032003111
211121112
131022012
212020301
212021111
212011032
410001402
230003201
103111101
311022102
130102121
202112112
212011212
302014001
221020212
131013011
211122011
302012202
302011211
131012201
211105002
022102301
021221111
121121112
050041002
202113101
221004001
103101312
122022012
040104102
221021111
302013101
120120122
112120212
401022102
121112022
201011212
022140101
211140101
140050001
211130102
120221101
211122102
401004102
031121112
221012021
113031012
050030201
121130112
140050001
112120211
211122102
311013102
005030111
410012111
221002111
102214001
112113101
121123001
103122101
211122011
221041002
221023001
023022101
031110221
112003111
230020212
211002212
220120202
400112202
121120211
111121022
130141002
121131101
212012112
320050001
031111121
401021202
211122102
120211111
050012202
400122011
023013011
301122012
230012112
221031011
210121101
013101132
410003201
310112112
212010121
202140101
221012112
400020301
120123001
210121202
040121112
113002122
112131102
203031101
302012111
003121011
212011202
040101212
031122012
102202201
003113012
203011301
140010211
131040011
112021102
121114002
302010311
221020122
211120211
121111212
130140102
121103202
400103112
121111212
113021021
041020302
310110402
131012202
104013101
210212102
212005001
120231011
112112102
230011301
311021202
311031101
112140101
111220301
320031101
050004102
122031012
221022102
122010212
023022102
031121111
202140102
203031012
120250002
201213101
113022012
112102211
221020302
230001301
311011211
031112202
111212201
230032002
122022102
121102211
201221112
203002211
302022012
121122101
210240012
111231011
003250002
500012111
102232002
230022102
130140102
211111201
113022102
220120212
112022102
112112201
220123001
122012021
113004102
131012202
023020302
140013011
112113101
211031012
221030112
220112202
104011211
212021112
121123001
023020122
121150001
230003202
211122102
050002211
320021201
212013012
401021201
032004012
130111212
121012111
103122101
031022012
111201301
301011301
221010302
401012022
221022102
311030111
031111212
012203112
031141001
221005001
211131102
131022011
013132002
113012201
221020212
013031002
301122012
410030111
320022102
104041002
111211122
014020302
041030201
130100312
121112201
311032001
220131102
013100501
120202021
212012111
212020211
131012201
005010401
302010402
220111122
121103112
302022012
230021202
212002301
211112111
203013012
112131011
202110311
103123001
220130202
121104012
220113012
212021111
023031011
202120121
122022102
022131101
022121011
212021202
230021102
122004011
230021102
041010221
140021021
113004012
012210302
211013102
230021101
113012112
131022101
013104102
400022001
211112021
113012111
023012202
050011301
120221102
131012101
005050002
131040011
211102302
041012102
311020122
112104011
032023001
111121112
211112111
210221112
221021022
021223001
112121012
120132002
301111112
320002121
112101221
113012011
121113102
211103111
120010132
122020121
110120302
221013102
211123001
111113102
131023001
121003011
230040012
211112111
023001112
103130002
210020301
020202101
130021201
211140101
021112001
030111022
211130101
130103112
111203102
130012101
021221202
112105001
230005001
221012112
221031102
201040012
211113002
021000501
111221202
112122011
050030202
122023002
032040101
410012201
030232002
301013012
230020212
211130112
203022101
140003111
130105001
111130022
122011122
310122102
211122102
022122011
020321112
032021202
113013101
211103111
140011202
230022012
310012202
140031101
310004011
220130202
022100502
130131101
111101222
211123001
113013011
311021111
050021111
013105001
311011121
210241001
131011121
301001301
202103112
121120121
311022012
130121111
131013101
102221202
211012201
122013101
201221111
211111301
221021112
021210131
112121112
202112202
122022102
221031012
022112111
212031002
022111111
212022012
311013012
122012112
221011111
023021112
302011201
302013102
300113102
121112202
040013102
211120302
211111211
113021111
122021201
131022102
320030201
131030112
113004011
301121202
320050001
023021201
130132001
220111121
201111201
112140012
131032002
302023002
101311121
300223002
120132001
120211302
031102211
050030111
311032002
203031101
112131012
220114002
500023001
111130112
221021202
401031101
120231012
230001121
113014002
300221112
302023002
300141001
230004102
201222102
022101312
050005001
131004101
131013102
113003202
221020021
311021021
121112202
131012111
131012201
111220122
032041001
211121112
220112111
202013102
301122102
121131011
131014001
310103111
401012101
310132001
211110221
103130201
211041001
022010132
112112111
310110122
013013001
221031011
121121201
122020301
022112111
121112021
013122102
113011301
122022101
212021111
211121202
040122102
302031012
202121011
500020301
221030202
200212022
111122012
320022011
113001312
023012112
220112101
200021201
112012102
110322002
203030201
121020122
121103101
210204012
301130201
221004102
121012101
122005001
311020022
112113101
201205002
121101401
202131101
310102202
221001301
212010211
111101212
212020111
121102212
022014001
112130201
131030011
221022101
130004012
131021112
302021202
131004012
011330101
500012202
140022101
140004012
021113001
120150002
130032001
140002212
111222102
211121202
311011121
301113101
221012111
111121202
221012101
112140001
122031101
221040102
212011302
121120302
212050002
130110402
301112202
210232002
212003112
320012112
211123001
031130112
210221111
131013102
301122101
121102302
301112201
131004101
201221201
122050002
112120301
022122102
320010221
005031012
113022012
201221202
023003201
210102111
104030201
310113102
122012111
005031102
202113102
112110031
004131012
211150001
410011211
030212012
311021111
310112021
311013001
311040101
230032002
111212022
112122102
202140101
201222102
130130112
032011121
131011211
131023001
131020212
301103101
122005001
121122012
122023001
311012112
111221111
120221112
104010311
111201312
212014002
212022101
040105001
122030202
121102111
022141001
131031101
102213102
500010401
400112112
041020302
050032001
230023002
113011111
013111211
301114002
401021111
221020212
320030112
111202122
032021022
310100412
220121202
300221202
050030021
302040011
211102121
320012201
202131101
122031102
310122102
301110402
113003201
032020212
221001402
220132002
102222101
012240011
031130111
131012201
220121111
211130111
140011202
301040011
211022101
410040102
140000501
311021202
041020301
302020301
011331101
041021111
221011211
211011212
212001221
230014001
130031101
121112202
201222101
301005001
211123002
130101402
221002211
121040101
121022101
005031102
032013102
130121111
401003201
040103101
401022101
130121201
131003111
221040101
121132001
211110211
112112201
111104102
041021111
220150002
122021111
401031012
310112112
140003001
211021111
221001402
210212112
212013102
101012112
113011201
104011202
410050001
030130202
032002021
103011302
031132001
112022101
320011121
212010301
221050001
401013102
410001402
112122012
203012201
220111102
140013012
103105001
221040101
140021201
101211102
311013101
040113102
011121021
111114002
013121112
110303112
320011212
220011301
131000222
220132002
040013102
104005002
311001301
013132002
211102302
221021201
203022102
130112112
410003112
210221112
050031011
220021012
212023002
011121202
221002021
131050001
310010031
301120211
212004102
311005001
120114001
221005001
300221101
320012112
221041001
111223002
202121111
221000052
320020302
031013101
004112112
203000412
220101221
112111211
220112112
121103202
032005001
003202121
112122011
221003202
120221022
212012202
112113102
211111302
050013102
112110311
221020302
112110312
113021112
310121021
221012202
120221112
220101211
301112112
301103112
113022101
113010311
122000502
230031102
040102211
120104102
122012201
040130201
130104012
301114002
112112112
500011302
200331102
040113012
220122012
210231102
300221111
212011212
221010022
211112201
310113012
220122101
112114001
112030202
211104012
121112022
211113012
220111211
111222101
212013012
140023001
040121111
122040011
112130111
410020111
040120212
210111121
311012112
212012022
230031101
500012112
203013101
112121111
211021011
130105001
040141001
111221112
311050002
112112021
203012112
102230111
301105002
301112202
050011302
230000221
111122012
211010401
031121112
211121201
311031101
140005001
131012111
202111212
210105002
131005001
202102201
014022102
230012112
111210402
201123002
121012202
022012011
202121111
211031012
230003112
011111112
121121102
221020201
113013011
201202001
401012102
211102201
210105001
212032002
301120301
212012112
103011211
130112112
211110402
410005002
212010401
221021111
112013102
004121201
103111212
301131102
212012012
311021111
202132001
005013102
013022011
310013012
202011122
131030202
221004102
122022011
221002212
220011302
103130201
102211111
040110131
022050002
111213102
320011202
140001212
131020212
022121022
202111211
211121201
112111121
102011031
112111112
410032001
220113102
301122012
310131011
041013011
130122101
211123002
211112202
131012111
211012202
202001311
211122102
211111202
122003202
212041002
112004101
130120211
301022101
211112101
040020301
122031101
400121111
050021201
221014001
212020211
311012201
311050001
121122011
212021202
121141001
230012111
014013101
212010311
111211302
111200501
131013012
050031102
211103201
220130202
112131012
202121201
220112112
131023002
211111211
112120301
220120211
111210401
122000411
300221111
023010312
113040102
220101131
230012202
211121112
230013102
004122102
311013102
201221201
113021111
212031001
311014001
131022102
320013001
113011212
131012021
221030112
140032001
302014002
130122101
221011121
410005002
220122101
032012112
122002301
220120212
410005002
131013012
112141001
230021112
131022011
221022102
050004102
122003201
410021201
310122101
110322011
111023002
311014002
130104102
122004011
031111212
320012202
220011302
112131102
202123002
212021011
131002211
211112111
203012021
131002211
003213011
131032002
301112021
101322102
311022001
311022011
400141001
211110132
131023002
110130022
011112202
212012201
120113011
102123002
201113102
102213012
302003112
301013001
201113101
500031101
220031101
050012011
301011122
013123001
111212202
121131101
211131001
211102121
311020302
111221202
203012201
230002211
311040102
310122101
400041001
111140011
012250001
220122102
103113011
021123002
212021112
201212201
012220212
031131101
032010131
111214001
040031012
121113012
311031012
012221202
122021202
210205001
050005001
113003012
310103112
103132001
301120212
140031011
121012111
040003101
500041001
032012102
112022102
200331011
203013101
320020302
221023001
102240011
120102102
121122101
220140101
220150001
201200502
212001402
112113101
221005002
410014002
122021201
221012021
221021201
121123002
230012112
410030202
140021112
230022012
041022101
500011121
221002212
302021111
130022011
050014002
220121201
031111211
102000312
202111121
230031101
212020211
121011212
310140012
301111122
221013012
113011102
311040102
032020112
021114001
131040012
121003102
103112111
121001212
140001211
112010211
210204102
012240101
320002211
230004002
122020212
112122101
212020121
140020302
400123002
050021201
121112111
122003111
031111212
301105002
113012021
050012022
310104102
220140101
121101221
211120211
310111211
130121201
500040011
401030112
013121201
140020302
401021201
131022101
212021111
302050002
320002212
041013002
212040011
230023002
032022011
202112202
211041001
212022011
022101401
112120121
401041002
113012111
211112101
130121011
121113102
031111212
211120122
300221111
121011301
121121102
121121111
121111212
311013101
121132001
021205002
112130111
221012201
131031101
121121202
121113011
140032001
050041001
310103022
013104102
310130021
302011211
104013011
021212201
311002211
130011211
400141002
212002211
131005002
320031102
311022101
004102121
120221202
012112201
230012112
013131101
301103202
310100501
301131102
311031102
220120212
320022102
121022012
310112111
211121111
111205002
041000231
040102211
230021101
122012201
130123001
112120212
210123002
230014002
102214001
230031101
221021112
121103202
103121201
131022011
310120302
041013101
140010312
032012202
203023002
113004101
201122101
112100501
212012111
410031011
202130111
311022012
020312101
031122102
212004102
230021112
112101312
130140012
210212111
121130011
050021022
111214002
030221202
311002121
202112111
221012112
320040102
130140012
401001301
112121111
030211121
112111302
005032001
104012112
211020212
102221111
013101401
310114001
302011211
021222011
121103111
210121101
221012111
211120111
311012201
021230101
122012202
112022001
300003001
230010222
021111212
023022101
140021201
220111211
212011211
013120212
122012021
005001221
210113102
212003022
211140102
032011211
140022012
301032002
022112022
131011212
221021021
320001222
302021201
220110311
311000411
212012102
111222102
212022011
121110312
311012021
122002021
131022102
023022011
111212011
211112022
130012111
311004011
112114001
220121201
212000322
220150002
210111112
120211302
121121112
201121022
113005002
211010301
202031102
202140001
121103012
221004011
013011122
212002122
211130202
013121021
110132002
101313101
122020011
211121112
111011302
301010021
302012201
012020212
131021112
121020302
130022002
210140102
500012111
113023001
310110222
113040102
122040011
221011302
131011121
112112202
211120212
500021112
121121111
210221112
131012112
301113011
310111122
221003102
122011112
022132001
212031011
112113102
211132001
013101221
022113101
121113012
310114002
111120302
113010401
130105001
212022011
311010312
131013011
140011211
310121111
121113012
130132002
131021201
230030111
221022012
121112112
130112201
112102211
014030112
121121111
310121111
212003022
120230111
040113012
121112112
111213012
112130021
112131102
302031102
121111212
040132001
101131102
022112202
111113101
022103111
120221112
121010222
113020301
211141001
201230111
311014002
122030111
140003201
112102121
140011212
500020211
113003112
311020302
113041001
121112111
210221112
410040102
230050002
041004102
041020121
400120112
121140102
040131011
050001401
130110401
230030112
302002122
104012202
050011212
310012202
103130022
301022102
140005001
311005001
131041001
300111212
202021022
112122012
230003111
500022102
122010311
410021112
050004101
003120302
500021001
112104011
040012202
221010221
301111301
041023001
221003011
212011122
310122101
131012112
050022011
110031101
102122012
211121202
050021001
301103011
310022001
212020112
021202122
032012001
121121101
121103112
131022012
122012202
410032002
120223001
212014002
211113102
210212112
112112112
202031101
103040011
050021201
210220212
301150001
201111302
302021021
410022102
022122102
131023001
131022102
041031012
211101131
121104102
211022101
040131101
130105001
500030112
212011122
121122011
320002212
121123002
140005001
121123001
032032001
212021201
131020302
311031101
120100502
203031102
030202211
302014001
040132001
211114001
032021201
211113011
230041002
121130021
210220202
113021021
031012112
302013012
300231102
122004011
112122102
040102121
400104001
410020101
121111212
310103201
310130101
030122002
320010202
211102212
220112012
022131101
302040011
202103101
500050002
122021111
112122002
311020201
211122102
301013001
310113101
401004101
210204011
202122101
320001402
202121111
212004001
220113102
203013002
220011111
131001212
113021012
220012112
210023002
121121001
010430021
120213002
104011211
111241002
220041002
300040102
112032002
301013001
310141001
212020301
122031012
211111121
210231101
112021111
020131101
004141001
121002102
002021202
113004102
131021112
111231101
310104011
221040102
211122102
210203112
212022102
311031102
013121201
400110312
202122012
311010042
211122101
311002302
122004102
302022101
112130201
230005002
121110222
220121111
112123002
220132001
202130111
301120211
022141001
104005002
131040011
320012102
410023002
010311212
311014001
210111121
113031012
300213102
500012202
202131101
102201221
300112201
131014002
140021022
121130201
131022101
111232001
410020301
212011211
121111212
031120111
012204102
500031012
021104011
031030202
110110311
130122101
212011121
221021202
121112202
022120031
301104001
103122102
400113102
032022102
050021111
040131102
111201212
212022102
400113011
103112111
220130012
221014001
122011211
211112202
032010202
112121112
221022101
201250001
140012012
121150001
220121201
112113012
122021022
112131101
021204101
121112112
211140012
121131001
212012022
102102201
131021022
410021202
041023002
023013002
112121001
221004011
410004102
202022101
031112112
022131102
040012111
310040102
311041001
220102212
311014002
401013011
122050001
410003112
200313012
211131101
221041001
032040102
221030112
202121111
201020212
221013012
220131102
122050001
221012111
221021112
211141001
110311201
211141002
104012112
131031101
202112112
131004102
211122012
211102211
211112201
230014001
131040101
022010122
212022012
201121111
050031101
140023002
211101401
014020302
202141002
130122101
113040101
211014002
220001311
040130101
130121112
131001221
113021112
302013011
111131011
220120211
211130112
041023002
022113002
121121202
211111301
121031101
031112022
310121112
021222102
112131102
320021011
121021011
212021021
310121011
112120212
212040001
022113012
401021112
002222102
131012112
040110131
311013102
121123001
301112111
311011302
121121112
121120122
212005001
121112102
212023002
202122002
311041002
030222101
400121112
011311111
111222012
130012101
211111211
220150002
301021201
302031102
211102202
202003112
302010121
311041002
120040101
121112102
211011301
131021111
400130022
230011121
220022102
220011122
221005001
211104001
130022012
140032002
202105001
130131101
021223002
212022102
310102301
211104001
112020211
311050002
012112021
211123002
220000221
031112201
021003202
310011211
040002111
400105001
121105001
400103112
203021021
013113101
220110402
310113011
112012202
113031102
401030112
041010402
220102302
102203111
401021111
211102302
310112021
012114002
221022102
131004012
310111301
211121202
131040101
013110302
121102302
122001311
221013012
113011302
121132001
121032001
112111302
203000412
122001401
122022102
121123002
320031102
120131101
311004102
131013011
211113011
113010221
113021201
301122102
112121201
030201222
140010221
113031011
050022102
112111301
031113102
220120212
113021102
131012111
230004001
220121101
211123002
401012202
201205002
111121201
410031102
013112011
230030201
122012022
220121101
121112202
120205002
220132002
301121201
112113001
302031102
104020301
301111301
122004102
220132002
121113102
220113002
122023001
014023002
032041002
012141001
310114001
121111121
211110221
410020212
104031101
032021101
122005002
122050002
401020301
301012011
112113011
300201111
101205002
320021111
211121111
012202212
311022012
500003111
130101222
310112202
211122011
203013012
203022102
301112202
212013102
122011212
311003201
400122011
122000401
500011102
310122012
212010221
311002212
301111212
140031101
121100051
131030112
120222102
211010221
131004012
050011302
300230111
140050001
202112112
200331011
230014002
110302211
121122102
401011211
121131101
203011211
120213102
102111112
013122002
112150001
221011211
122032002
500003202
301130112
131021111
212012201
301140102
320023001
220114001
211113012
140021202
113011121
031113011
120223002
203011211
221000502
104021112
212011121
050030111
050030202
302021201
122030021
102213101
311011302
130112201
131022012
113020211
212011211
212040102
212022011
401030111
121121201
121113102
221040101
401022011
113002122
203021011
121012112
122021111
220122101
211111211
131021101
005004102
301121202
104021201
013110312
111113101
210221101
121130112
113011121
131012202
320012111
211111121
300123001
112120211
130105001
221014002
121122012
311022012
111222102
202112112
111203111
111213102
230020011
230010211
211104011
301121111
212002122
121121202
220011112
131031012
211101311
131031011
022132001
002141001
410013002
300211302
202122011
021101311
012113101
122010311
032005002
022111212
131003202
221012202
130112021
201203002
201120112
111201402
311022101
301111302
111222101
140032001
201221111
310111212
201212112
500022101
211105002
201113001
311022012
023020302
112131012
410022102
121110222
400112112
212012111
310122101
140050002
121102122
131003011
401021022
121005002
230030022
200331101
131012022
032013101
221012111
201114002
210203112
210202301
022104102
050003112
310111302
112122102
131020301
004121112
220112021
122031101
112114001
113022012
031112111
041022102
121130202
210114002
211113102
013111201
320022101
040102121
211121202
500011301
310012202
121101402
122010131
203030202
410002211
220123001
031112201
410011302
202102212
210232001
220140102
311012111
300212202
120221111
320011212
022122101
102122012
032014001
212020122
311011211
311000501
031141002
103150001
140031101
203021111
221031101
311050002
220022011
211102302
230013011
320020212
021222012
140050001
005022102
122010402
200122011
301112112
311032002
040122101
300210401
221011212
121112201
041012112
202120211
113005002
221021201
112122001
311012021
201111211
211122101
302032002
211120121
121130111
050000411
022102301
112112112
122014002
113022012
121103101
310132002
212003111
130012202
310112021
211103201
111240011
401021021
220130112
131011202
121114001
121131101
211021112
031130111
131021112
320020301
212050002
320011211
131020302
310112202
032021111
220021112
401012022
023011212
301122102
500012201
230014001
221012112
120122001
320021202
300003022
121020302
220111302
021112202
221021202
410023001
230013001
320012111
131031101
410021011
310111301
005012201
121101312
121111212
121112111
400120211
131031102
041032001
131031012
031122101
301113001
311030012
121121201
140005001
202112011
211131012
211030202
500005002
320012201
311013101
112120211
032004011
211031012
122022101
112120212
201203012
112121111
111112101
040020111
111110302
400104012
211111211
212021202
122011211
121112111
211113102
031022101
220123001
140012202
050020301
140002302
040040001
212041002
301102212
112101301
500023002
100202212
401011111
013103112
211112111
311014001
310110312
140022101
203013012
220111121
401021111
310105002
211120212
212013101
122022101
221012202
032005001
212012111
311022101
111213101
201112022
122012021
311021201
310131012
211023002
220104101
110303112
211111211
131012111
310111302
113021201
203030202
103112111
122021112
102212011
203011301
031122102
112131011
130131101
113011302
121102211
310100401
202001221
005012111
112122011
113011202
131004001
301114001
220141002
221021112
210232002
210112011
320012201
212021202
410030111
130141001
122021202
203003022
032012201
311001132
121111211
320013102
311002211
TS 2103545
TSW 1134425
TSL 969120
AS 235.585732
ASW 127.049502
ASL 108.536230
