320031102
020230112
311011302
211131012
310122001
121101301
320001221
201122012
202112112
121112112
112103201
211102211
301122102
301102121
131032002
410001312
311021201
210230111
220111212
311011211
140011212
320011212
320014002
310010132
211113001
111204011
121113101
500010311
301121201
130112111
031104101
131030001
211121202
120122102
103120121
031112201
211131102
310010011
022122102
113021101
302002302
212012012
102202212
111122102
211121111
220122101
211111112
121140101
113031012
131002121
022130202
130104102
301113012
221001402
301102112
131013102
220112202
014010312
031130202
230022011
202113102
311031102
202111211
050030111
122021201
221030021
302002211
400012102
030221111
103112012
230022011
221022102
113012101
130112201
112112011
121111211
221021021
120250001
130141001
112103021
211131102
140022011
140031101
102232002
112132001
212011301
201130201
112121111
031111122
121131102
220131101
220110132
212021021
202102021
201020202
221002212
012112112
131012111
211131001
210223002
202040102
012212112
121013011
211102111
311001112
112122011
122020302
220110222
013102301
311022101
211112201
311002302
130113011
320003202
202111201
112112101
221010221
113003202
032022101
203011301
202103202
203040102
220112111
320022011
410013011
212013012
201104102
201122102
130112011
212032002
230021112
011321011
121111202
310130202
040121111
310121111
022030112
040105002
122002202
103102121
203032002
302040001
220023002
212012101
013131102
221021201
102211111
211123001
210211112
122031011
202131012
112021201
103113102
131041002
400111121
130030021
122030202
201221201
211111302
212010212
122041002
122012111
131020211
130120302
201230201
121130112
221011302
010303002
130111101
111230201
111213101
211121112
202104101
122012011
211140011
410011202
022112111
120141002
122011011
101321022
301022001
111130201
140011101
131011111
311012111
122012201
220112111
004022011
310013001
212020201
103111211
310140011
122012021
111220111
112113011
301111121
211113101
211122012
112111302
203020032
112111111
500021112
311030101
103110311
221013102
102212201
112120201
212013011
023000502
103130021
121112202
031131011
212002121
211102212
104022101
012212112
021202211
112012202
300122011
211110211
023010402
211111212
111210222
401020211
112131101
111221111
121011212
221001211
211102211
110311031
113040101
201212202
320031011
122001221
302012201
221020301
203031101
110203201
401012201
310121112
022121202
230023001
021112201
111221111
311003112
112112202
121105001
311012111
301101221
111213101
301121011
211113102
103112112
311020021
210000211
022102212
221031012
130121011
011311211
121020212
220140001
121121101
032013011
202130111
121102212
140012201
113022001
032010311
122022102
401010312
131013012
212032002
103114002
013111211
203005001
121111121
013121202
410020302
021110402
112103201
221011212
210121111
112112101
302041001
300113102
210231012
021213011
220022011
311032002
004041002
122031101
201111212
002121202
121122101
122013001
203020202
212031101
103112111
220141001
112112202
311032001
302022011
320010111
202121201
131021112
320013101
212040001
122011112
021112112
401050002
103012101
500032001
301131011
320030021
112110311
111141001
121110132
221031102
310111212
031121111
211012012
320041002
221020112
121112112
130123001
100222102
203023002
221005001
040122001
014010111
400001212
121111102
212031101
401014002
212011032
013113012
140013101
101221012
004112012
111112101
001304102
230013101
301030012
212012101
320021112
300112202
110203111
121102211
121110221
221022102
320031102
220000502
221010102
202111111
230031102
122022011
211021202
230003111
121113101
210120032
212021201
301121102
102220112
212021112
103022012
111220121
210122102
122012022
113022011
410022011
022111301
201212201
013021012
031021102
013110311
212005002
212021102
202121202
211130112
211113101
211123001
022111202
101312021
140011302
301112111
211121202
212022101
211003112
111232001
004122101
320020302
122021021
122001221
121020111
220120122
301120122
211120122
230040101
202122001
202113101
400113102
311021011
030111121
310121112
111120211
211112111
131022012
320031011
311011121
103103112
122001221
211002211
400111302
032032002
311002201
220100411
221012022
011210222
221001222
311011301
211000312
122001132
221022011
131040101
212022101
131013102
230022102
111212201
021230112
120211212
410031012
131002201
202111112
221011211
211130011
111212111
112012011
410012202
230012112
013103102
211021021
112110402
300121112
300212001
201001221
121021111
221002112
211010312
021200211
130102121
220020012
030014002
131000131
121111211
032002212
500012021
211111212
002300222
211131002
022130202
211020111
311002122
211121011
220131012
212001221
310010122
121120212
301110201
220121111
112130201
022132001
311011212
211101311
021230112
130111301
212010221
113031101
211120032
211121201
300231102
212011212
022122102
112110311
202120212
220023002
111103201
220122012
111102302
110320211
113032002
212032001
311021111
221013011
120201222
300211212
500011121
203040001
120221202
311040101
310113102
130130111
121122101
301132001
220101311
311022011
311003111
201222101
112101312
410012201
311021201
121110312
221013012
130132001
140050001
211132002
311022102
113021111
221012111
031112112
320022102
121112111
300221112
122001401
220000221
220122101
220103201
004121201
012213102
311010402
121030022
112111032
100302122
220123002
111112112
121031102
301120101
210205001
122020211
112123002
301011112
130112011
211112111
210112101
112113011
200111202
140005001
120202302
202103202
112111212
113022011
221002211
031122101
111111202
400021102
030221202
220022011
121132001
220121021
311021111
140011121
212020112
011202301
120031012
311011301
212001011
210211301
400011212
221021112
211002301
220123002
120202302
211114002
211130202
013102211
130121112
211021202
401021202
112111301
500041001
221023001
130021112
211103111
112112112
131023002
112121202
311022011
221013001
320021112
121130012
111213102
021120211
310131101
003211212
040010302
221040102
032012202
112131011
032022012
400122102
122013011
012212201
112121201
103122102
021121011
401023002
140011212
002220121
040150001
012221202
210214002
401021201
301111301
102221111
210205002
401012112
120201212
121100401
212040102
301121111
140003201
211111302
121104101
131022101
121131101
020220111
011311032
221012201
220021201
022012201
221022101
103102212
112011301
212011301
021222101
310131012
310120301
221022102
211112201
130112202
200311021
221010301
022012201
202112101
011322011
113010301
210211302
311021112
220131102
401032001
113002112
122020121
113014001
210221111
121111212
131011111
500001402
320021102
013131102
202111011
221041002
040112111
101213101
112012001
111221112
212022101
120202021
400121112
113030111
112111301
221011111
041011121
023040102
221020211
203012202
120211211
211122101
311002111
112031001
203021101
121102112
220021202
111111212
131001301
112012101
130111211
131012111
410031102
221012112
004120211
122010212
202121202
102211122
410030112
112111202
103104011
112111211
041020121
210101401
210212112
221012112
031131101
311013101
210222102
110313012
102212112
041020212
311013011
040103202
030211302
130121202
211013101
122004102
201103112
111002302
032022101
131030101
212013011
112131002
212032002
130131101
212011201
220111212
211101132
121111211
301113011
221041001
301120212
400122101
211113012
112140012
121120112
111220301
230020301
050031102
401012112
110012012
310121202
121112111
320012111
211122102
500020112
211021011
211102302
320011211
211130112
202132001
221030022
122012112
112020121
111111302
500030021
221022001
311032001
221011122
310111302
310101311
210221111
121113101
111112102
102122102
220111212
210221202
221030101
113012012
110322101
112121202
211112202
112121202
112112201
221013012
220122102
121121111
103101401
130132002
311003101
301113101
131031101
410041001
120211202
130101112
122021201
113011111
212011101
102113012
121113101
201002202
121131101
311011121
210131012
130020021
021231102
212021112
211140002
200213101
110230101
121011111
040105002
212002111
022011111
002113102
220112202
012221111
301140102
201221201
112104102
302011121
212012201
211110311
021131011
030203202
203002031
320022101
013020212
113021101
203010311
220103201
201222011
203011022
211112112
112121102
220113101
112002121
112021202
022130111
122040102
212031012
320011201
122013012
104022002
111222101
121110312
220140101
220032002
300241002
022140102
202131012
112031102
320011111
221022102
121111302
210221111
130121011
201213101
400112201
211112112
111240102
040112112
130111121
230012112
211120301
121111211
320020212
113021111
302041002
301022012
301111112
310102302
320020211
202121202
202021011
221021111
022132001
311011302
410021202
212021022
101122102
210222101
112110221
131050001
112131002
012221111
030211111
202114001
211131102
121011302
221003112
230020212
112112112
111120122
112111212
131031101
220131011
140021111
201222102
202021111
120210311
410011201
041021021
221003112
301112201
301022101
122022101
013100412
050001221
120103022
111222011
121120212
221014002
220121111
410030202
110122012
211112112
401032002
311021202
210102101
311001311
210121112
103022102
130121202
130131001
130102211
111232001
112113011
310002302
113012012
201040101
111011111
101111112
122005001
201150002
200211112
212030202
122021111
221022011
410011212
311012201
130102211
311030111
003231011
120212112
320020211
003211212
113021022
111211212
203022012
050031102
050001301
301113001
211110401
401012202
112101221
111222101
211111211
130111201
310132002
103103111
121141001
210221021
121122102
121111211
212011021
221012201
120211211
310131101
320021112
130121201
221022011
112131101
211121112
230011212
310121201
121111301
310120212
122012021
140012111
140001312
130012202
140031011
012102121
210020122
030211121
122020302
210140102
111111212
111203102
131010011
220031101
301122101
310112202
301121011
122022012
130002212
310123002
112113011
100321022
311020211
121131012
211112011
203022102
021112201
301022011
140021111
041021112
220111201
401004012
221022101
111121022
401022101
500031012
013111302
211101222
301112202
311020101
212021111
040112011
203031102
013112022
212020202
500011212
113021011
121131011
401003111
122013101
210213001
210121102
113023001
311013102
031111102
013020022
120221111
301121112
112040001
302012101
110321001
300112011
020110212
040120202
000022012
320021101
103021011
201202111
013040101
102111022
101111112
400030202
111210302
201213101
111220212
022100411
311002212
211121202
121122101
201212111
122021101
211120212
212011301
121112021
120213102
211112021
230022102
220111301
103131101
230013102
220011112
110211212
122011211
202130201
111222102
131050002
211112111
221022012
320012111
032021201
221012011
212013101
032041001
012221202
212012112
002302121
210100411
041021112
121131011
202112111
212002211
014022101
220022102
320012112
112102121
041013012
301121112
032012202
120201131
310122011
211121102
111130112
212022001
302031011
130101312
212031001
211121112
121000222
111221201
212021112
210222101
320023001
401021111
112121202
104021111
211111121
101240102
112004012
211140101
410023002
211130111
122031012
202012201
031113101
212031011
103120122
113011112
122012201
131002212
221021111
221012111
221041002
221011212
320021112
041004101
121122001
220050002
221011011
221012112
113021101
221021111
111112112
211001222
112100222
130110131
031111112
113021021
104041001
121112201
221011212
212022102
311030021
221020112
112131102
041010312
121140101
131001131
030112201
121113101
230002211
302031102
112021202
022112202
121112201
202050001
131032002
112121111
221003112
211110202
022011122
211113001
121121202
230022101
300013012
221020112
111221111
003131101
212001212
311020122
121021101
002141001
310131011
410021111
211001402
201212112
320012111
221031011
320022101
221030111
400121112
131012112
211131011
120211211
212030112
103102212
113031001
030221201
131022102
302021022
202112111
012020112
221010222
300014001
310101211
302022102
211110312
120222101
112012202
131020022
202120011
122011211
031101032
022020202
212011122
220113012
023022101
221021201
300131102
211122102
112111302
131021202
111211211
221020301
030121111
130121111
121111111
401012202
212012201
140021111
131001311
301101222
122030112
130121021
200231001
401010221
130132002
111221101
310023001
121122102
103105001
101223001
202030101
211012112
310121111
111130112
311011121
310100321
121030201
211021201
211122012
320001221
122021101
211112111
221013102
120201222
310131011
220121111
401002211
301140102
220112201
221003201
220131101
120131101
101222012
113022002
012112012
211111022
122000502
210211302
220121111
121111122
121031102
120011212
400012111
211111122
122012202
113030201
121130201
120131011
221022101
120201311
212021111
200120211
203021101
131022101
011101201
121110311
120212202
121120122
112012112
230013001
301121112
113020211
102223002
311002112
212031102
122020121
311031011
210222102
311022012
311030112
310140012
112131102
112122102
300211212
301131101
110321112
221022101
022111302
301111211
104002211
410013011
122022001
221020301
211120212
122021111
121011202
031021201
203040101
400110301
111212112
212011112
121011211
111100211
210110101
110132002
032013012
220120122
031141002
121113012
220130202
122002212
401040102
121131011
230003111
401001401
201200321
113022101
220140012
220122011
310112201
300213002
122011201
040121201
131031101
311031012
122012001
120121022
100400411
131031102
220022101
212010402
302021021
202021111
140022101
210210311
111121202
202122011
212031102
040014002
400112101
211113102
121121022
130103112
121131012
102240011
022132002
031123002
211131102
230012022
102230111
104031101
013112101
050022101
230001221
220121112
013112111
102111302
210222012
121121201
400112101
230011212
111220101
310130111
110311212
310130112
212011011
301121111
013101121
320012202
113012111
112122102
200220121
030220212
211121112
122001301
120105002
320000121
310010401
203011112
220012202
221021202
211130012
012111111
202112202
121021001
031122101
003140101
130020301
221021101
230020212
131021112
221021201
211121202
211111212
050022101
113014001
111214001
211121112
211130111
230000322
230010222
122031012
300112112
021113002
301122101
311031102
320022102
401020211
111121202
302030202
300121111
401022101
131002111
103022101
220120302
310121111
122005001
041021201
122002122
401031011
410031102
320012112
301101311
112131102
121122011
221004102
220111302
130110131
112121112
122032002
310122102
311013012
130122101
311012111
023012202
320011121
012210222
032011301
202122102
201020011
121131101
011200201
311012101
112022012
200101201
112121202
211120212
410012101
211130201
211113011
410011212
140003202
211113101
041021201
212002211
032021202
120112201
401002122
122020111
212040101
030213102
221022102
401001311
101220211
202110301
410041001
031103201
320012111
112122012
031101311
111210311
140010222
302021111
201112111
140040101
212040101
203021112
211112201
221020121
031121111
211121201
211111212
031111121
121021201
113011211
310121201
121123001
410012111
121113011
202111301
021112102
021221102
120101222
013112112
210213101
221010212
120211212
210211032
202112111
211010311
122011111
113004012
220112202
211131101
302010401
211120302
112012111
212013102
202040012
121111031
121120301
410012111
021213102
102112111
112002301
020303111
111211121
202122102
111131101
120100001
012121112
400001212
012212022
220110131
111222011
212012011
212013011
211130201
311001211
401004101
211111301
113021102
021221111
220122101
320022101
122032001
140032002
121103201
112131102
122013101
311002302
211113012
113021111
311021021
131030111
021232001
130011212
211122011
203022002
302030111
301110311
212020111
013022001
112112101
201011112
211130112
301121201
031004102
212041001
211112022
112111302
311040012
112113102
410031101
101311211
221012112
111212202
301130111
230012202
121102211
131031101
203013101
410012111
302021012
302021111
211121111
220112201
201103011
112110221
401030201
212010041
202022011
022121012
111130202
300130201
311041001
212022102
310030022
211101312
101111021
220113002
220012111
022011021
110321112
013011301
211111121
201203202
201013102
211011111
112113011
121140002
120020202
310120211
121023001
121112201
103012022
121121201
221012201
202101221
131012111
221020122
211113102
111103111
410021112
122031101
212031011
311021111
301120201
221032001
230040101
050014001
220101312
023022101
122014001
203012112
111111212
311012201
022121201
131021112
111200401
022020211
021211302
211010222
113011211
211112111
400103201
111222101
311002111
210212022
310012012
210132001
121012101
011101302
311012001
202102122
400011302
031132002
220114001
022020211
220121202
220031012
220121201
031112101
112130012
212011212
121112202
032020212
111130021
210250002
301011122
121120302
121121202
221013101
201221112
201200501
211012021
410030202
112122012
310102211
011131001
401022102
310111111
201122012
130121011
002311032
320000311
131000221
310132001
211112021
140031102
021002301
220130021
113021202
212012201
032002112
220121101
302011212
131030111
211102211
301120211
031140011
110322011
120221011
122020301
111212111
211111212
301112111
221041002
400121202
030241001
320020112
311021202
013104012
301112112
310111121
103112112
212012021
301131102
121121112
113012201
111213011
310001401
202011111
221012102
211122001
212013001
111220211
310121101
211101132
311021011
131022102
111113012
212012201
022111111
500012202
121010312
110011211
112130201
111131001
113013101
112102101
041032002
230022102
103131101
311011101
103120202
120212201
112114001
211130021
120102212
121131101
211132001
012221201
102240011
301131012
310112112
122012102
221032002
011110222
302021202
211121111
211121111
112131011
111241002
122021111
112110311
221050002
401014002
220131012
050041001
410030112
202132002
212020211
202002101
112012112
111231012
200202212
221031011
110110211
211121101
013121011
311041001
320012022
103131101
300231101
230031101
211130022
212012111
201021202
112111211
211012022
111122011
311021111
300220301
110311201
121110131
030131012
410011201
320001311
040122011
310112112
140020212
131005001
211104101
211113012
320001221
041012111
311031011
023022101
301131101
401022011
401022101
121111211
013112112
030222101
112110312
302022011
111211302
131011212
310122102
121140102
111212202
310111301
103110131
020120211
131003201
121114001
130121021
032021202
121140011
031113101
220113102
113021111
300112201
212023001
221011211
011222102
212031102
140041001
021212112
500040102
221001211
210122102
211001222
210212112
140012021
201131002
301004102
041014001
311030001
110211122
221021022
210100412
120111212
220113101
113012021
012130102
113022002
121021001
230011212
230020302
202110301
311012111
121121202
301120212
103113101
112013011
121113012
113021111
301105001
120122101
302001311
111222101
131020121
220110302
121130112
220110402
103113101
131022012
011203111
023013011
301121111
112011111
311001212
211121111
220021112
300012111
013001301
302012102
401022012
112111212
131002211
121121201
202130201
111112201
211101401
212012111
220122101
012222011
221021202
301121112
311022101
041002301
310121101
113021111
111221022
012122011
131012102
113041001
122031102
211121201
203021202
221003101
022030102
012201201
311011212
302022102
111231102
130112022
111220302
131030202
122021112
140023001
212012201
110321202
302021112
202011122
012220211
211112202
401003111
120221111
102221201
121022102
311020301
131021011
130102032
202121022
211112111
112130201
121131102
140004101
221011201
101305001
500011201
210211211
122031102
212022102
230031102
130114001
121011212
112120212
203021201
012220301
111140101
121101041
112131101
111113011
122022012
022121011
131022102
102221112
230041002
211111302
320012112
310112201
140004102
212002301
211103022
101313102
130122101
410022102
112111102
013012112
310140012
113050001
110201212
111112021
111111011
102203201
140031012
202132002
301131101
202123001
022121101
012102112
032014001
022011021
102113011
112022102
220021111
221010212
201113101
400122011
113003021
300013101
113030112
122003201
410020212
130110401
121112111
301101311
023012022
041031011
212031102
131021112
211131101
130112111
112140102
400031102
130121202
202112102
111121101
112102112
320031011
310132002
220102122
500012021
121110212
221012111
112110122
310112021
211103201
121012112
310113101
410002211
221012111
202120302
121111021
112113102
121122101
211130111
131011031
221004012
202112201
111230111
410031102
211132001
021121202
121111111
021201221
211114001
311021021
112112201
041030201
131021112
311031011
110314001
221013012
131011211
131021112
112140102
121102212
130132001
212001402
112102302
113011111
122020122
003121112
121120302
202012022
201220302
111102121
112130111
220122101
211121201
210100221
030211122
110330202
400112202
230011122
020305001
030120112
301110311
400111111
212022001
003223001
121112111
401003111
220113012
310111212
221021012
311011101
301101221
112111121
210113011
302041002
102113012
210112111
131022011
103013102
001421102
310112201
130112102
202113102
021103112
104031101
200202301
112111122
120221021
031022011
202111301
400031012
122031011
302020302
121012011
131002211
102202122
112121011
211111211
112131101
211111021
022121201
302020212
211123001
311021202
211121201
112012021
113003111
041011122
103132002
221013102
211112201
130012101
103111301
032032001
311022101
110212101
211111302
400131101
300231012
221012022
210205002
212022102
112040011
221031101
121111302
140005001
103131102
320031102
112103201
103122012
202111212
122020211
221030111
220101212
111131011
012231102
102121112
111241002
220121111
401011121
202041001
121003112
210222102
203030112
311040101
311013102
050021111
130112201
140031101
400110221
012003202
140021201
112011101
201111201
410021012
121011302
300130101
113021111
211121102
202121111
211104011
030132002
121122012
310122101
201211021
311011212
320002121
202101121
212021111
302022101
031130201
201221022
311031011
122023002
021002022
221030201
121021201
121130102
121140002
210020201
410021012
121021111
212012101
211112202
221023001
300223002
301120212
320011121
131002011
311021201
310112101
021011212
110212112
120121112
041021101
111113101
202113102
012230202
122022012
203022101
021221202
220121201
212012201
221020122
211113102
212021111
120230202
320041001
013041001
310120211
122002031
023022102
112014001
121120212
121112102
310123002
121122102
130113101
221031011
032032002
131011301
310122012
130021001
220110311
202121111
122012111
302012111
310132001
121131011
103122011
103111212
310131102
003120301
122031001
111112022
012213011
200012001
011020031
120121012
131050002
212020121
102122011
022031012
310111122
212011301
112002211
221022012
212011212
210212112
212002302
203031102
112101222
211122011
023023001
013021102
301141002
130113012
211140102
221021201
113022011
113011301
111250002
111222001
121140012
311012111
320011021
120122102
203012021
140012001
221010212
021211211
011101312
111131101
310132001
111202121
311041001
120130022
221011202
221022101
211130111
011112112
112112111
212013101
101321111
202110311
220131011
112112202
102221111
101331001
130100121
111101132
112102202
122022012
120023001
122040101
410013102
122010112
310011202
112011012
211032001
221022012
211112112
211123002
221031011
311021202
122002032
111240101
140030111
120212112
311011211
031131101
131032002
113010212
022150001
401012201
220122102
301131101
201212022
221021112
301141001
211121112
120204012
211111212
120021112
101221202
021220101
300200211
212022102
121131101
110321111
112121202
212001222
311022101
211113011
121111211
050022101
122030112
121130112
022112202
101212112
140013101
103112111
103110131
130113011
400010041
220121202
211002121
111210221
211020212
113010221
410031101
113021112
111122012
140013101
121111211
401011211
311011121
211111121
113020121
311021001
111111212
101330022
130123001
002311211
203021111
201212112
112022011
230032001
102141002
112111211
310122101
111212012
130121112
040101311
200112112
400111201
122031102
211131101
013104012
221010311
200320122
220131011
012122101
211111211
013111302
040120202
131031002
104004102
211141001
301123002
122021202
121011112
202121112
310112102
210212202
211011301
220001212
201130011
401021111
111112202
302020001
121122012
031113101
122000401
112131012
211011212
311031102
111240101
301111211
301110312
320021202
211122012
230021201
212021111
013121112
122003111
220121111
320031102
310121201
500002112
320023001
022114001
211121022
212021111
031111212
121130112
120211201
012212111
220131101
002231012
022131101
301110301
221011212
221011202
120022002
130011202
311021201
022120202
011322102
022112201
101210401
111201031
121121201
300220301
100403111
301132001
210112112
221012112
122013101
212031012
122031011
221021201
310113002
211112202
320014002
220112021
221003022
320011211
031041002
130021011
103111212
112130202
220105001
300221022
212002302
311014002
031113012
031122102
211131002
111131002
113021111
210123002
212021111
120220211
113011202
121103112
202111301
220112101
140012111
050040102
122022102
401011111
212012022
221011212
111212202
130150001
031011211
202120201
211010301
121122011
122023002
320020211
221011121
220022102
210221201
311011301
302022011
500030112
220111102
210202302
220123001
220112201
121122101
311021102
211121201
120240102
121111302
210211302
121103201
112004011
030131001
113021011
212002111
112112201
200213101
310010011
220110221
023013001
031013002
011110122
220021101
122010402
121012012
310101311
021121202
013121111
211150001
021241002
120241001
012221001
122011212
221021201
212010211
311011211
220011301
401021202
311021202
112141002
500021111
230011031
301011212
221012111
210211032
121104101
211111302
302014001
211123001
111112111
302001222
221041002
122020211
220110312
032041002
211121101
201121202
302011301
121130202
004120021
210231011
112121202
301123002
211121111
041011122
320020212
120221101
131010312
022112202
121100412
131032001
311011212
121121201
112114002
021212112
211121201
211023002
004121021
211122101
121132001
031111302
031111302
230021111
111220122
040122101
212030202
311010401
212030021
023000131
201212022
221012202
122023001
301101312
221022011
031122102
211021112
401030021
401011211
210111211
410012012
210120212
131013102
002112112
112131012
121121111
211131002
311021202
122010312
200322011
040132001
120111021
211130202
300213102
211121202
220030021
202112101
202130202
220030201
410020211
211021102
221022102
300221021
302011302
300240101
140001212
311011302
102014002
230012201
112121102
211011212
113012112
302011111
310130111
320003112
220104101
121113012
302004101
140005002
121120301
220121112
211002201
410010311
112122002
121103102
400130101
111121202
121022011
221013102
113020121
210220111
140020121
310120021
102022101
121111211
113013001
131002212
001221101
221001311
140031101
121121022
211111112
131030111
111140001
211023002
211031012
131022011
111231102
311021111
221021202
202112101
410032001
202112112
300122101
014020031
130120302
311021202
120213102
211140011
112120301
210231011
410011121
122012021
140031011
212030112
131040101
211011111
021111111
311003111
211113101
301111211
221031011
121131102
111112111
212012201
120213102
301111202
021021101
211111301
022020202
112111212
410002122
320011111
221022011
320010312
310110401
113020111
212002212
311031001
320030101
320010311
211010311
400131012
210230202
211112202
111211302
211120212
013120212
202013102
220121201
122010132
220121111
320012111
201221111
111212202
111212201
212003202
221012202
300120032
212021202
140012112
500021112
201112021
212003202
212021112
131001121
320012101
201202211
031111111
122020111
311014001
110310222
211110402
121122101
320020212
131012111
031121202
210120212
113022102
021212022
130112201
202102211
140020212
112122102
113021201
121122101
311030111
031111201
401030202
211112112
130003112
131021201
041022101
112114001
011212111
311012112
112112022
012011301
202012201
121102202
031121202
113021112
202112111
310102121
120240102
121122101
301130111
311021112
121122011
112121111
230022102
311031101
122011122
401013102
221011211
111221201
112110311
211111211
121111211
311021021
220122101
211112101
401012112
203012112
012222001
410032001
111030101
221032002
013020302
301111212
014013011
112131101
211121112
122013011
130112111
311021111
310131012
212020122
301021111
301121112
202131102
122031101
014012111
121121201
400132001
021203201
211121111
211012112
310113102
201202212
013121201
201121102
211120211
212020121
220105002
400120212
201021201
221013101
110303112
211123002
101302121
311021202
101220122
040103201
230003201
023012112
111240011
211103201
203030201
211040012
221004102
121121112
112130111
211131102
311022012
212022102
202111211
310011211
210122102
211121202
211121012
221031102
014004101
400130111
104010211
311003112
121011122
031121112
310111202
103002122
310122012
140021111
311031101
211111301
200314002
401012112
122002302
212011302
012212201
103121111
032003112
230003201
032012112
221032001
311021202
121110131
230012201
111031101
130121112
041020302
220111201
131020021
121113102
112120212
300140101
040120121
300211301
211121111
131012011
122012022
220102301
302022012
311011202
030101111
140031101
202112201
302021112
301121111
203011301
400122102
212022102
201212201
112120122
122022102
101220212
121041001
211021112
131021102
211122102
301131011
121131101
210120022
112030112
212022102
201112112
500022102
221012112
221020302
110222101
112121201
500004102
311040101
121021202
120201222
221021201
014030111
031111121
121121202
211013011
023021112
211132002
311013101
230003021
121102111
131004101
131021111
112122101
131012102
102121021
211132001
301020212
102203012
230012011
203010401
400130202
301132001
005012201
121101311
301131102
220141001
212020211
211120212
113021022
320030021
212010132
211113101
102221201
032011111
311011211
310031101
121021111
300130202
121103202
212021021
311002121
212031101
122011302
022113102
121011211
201121101
001311021
220112112
311011302
301104011
220111302
111221202
113021111
131020301
210121111
130102121
131011212
111212201
112103202
013021112
410031012
120211212
112130201
401012021
112122101
032001011
012230102
211130101
110102202
211030112
210211302
202030112
111112201
202112201
122021021
201132002
111123002
302032002
001102211
230022101
201212202
112104102
131011301
103112201
320011212
302030201
221021111
220121202
100411211
311011121
221023001
011121112
212012112
211121202
112112201
212031012
022140101
022111121
202122011
140021202
310123001
311002212
012212111
201213102
301011302
122021111
111230111
122002301
212011211
211112112
122031011
320041002
212021111
104012201
005011302
113032001
140022102
202131101
221010221
111220022
120211302
221001311
301121111
022140001
212013102
410030201
131001222
320031102
122022012
310020201
131030001
202011121
211110312
202150001
211121112
130140101
211112021
112140011
120222101
401032001
112122101
112121111
400141001
112130201
221002211
111112101
112123001
212011012
012032002
410011211
112132001
021021112
221001311
301111211
113012202
401021101
311013102
201131011
310112201
220121111
221003201
130130111
202150001
211130102
500013001
310130111
002121112
101231011
013030202
211120211
301121201
203022011
122013102
120222012
202021112
111122012
113003112
031121111
112130202
212005001
121141001
120101221
203031101
211011111
022122012
220102121
112100502
401012011
202121111
202121011
101200012
122000502
131011121
500022011
022002111
310121201
300112201
120221111
301132001
120122102
122012202
120131102
122021201
302020212
011321202
211111212
122011301
203012111
122011121
112121112
122012201
221021201
131021202
221030021
230031101
012122101
212021112
221032002
012121102
211010222
111212111
320022102
211131002
410050002
031021111
220001402
320000501
310112112
131012111
120202121
220121112
113011101
500031102
122000322
320001221
032021201
311001311
203040011
201113102
202132002
301123001
211132001
002331012
320013011
310141001
311030111
201102301
320011112
201222011
030220212
200220011
131011101
121112001
211021201
211141002
301121202
300212112
301131101
112021112
012231102
300222011
023013102
021221111
400112202
310110221
121022012
212021202
221021111
400103111
311041002
211121111
400112112
201221202
211013001
220030201
011221111
211131101
014021202
122021111
102230202
103111022
122023001
300213011
112131101
212011212
120211201
211102302
410013102
031030112
230012111
211110221
032031012
210221111
302013102
211022001
221022102
013111032
311011031
121102211
500030201
122005001
211101311
111210311
131010211
301010311
202112112
212021111
300100141
111122001
230030201
112121202
310140011
211021112
301111302
022132002
300221111
113021202
131011302
211111121
021211211
211112102
201210301
122001222
111201221
212031102
211130201
113012202
131021111
102220302
301022101
212030111
110203202
122032001
311021202
131031012
210221112
022122012
130112202
201220112
140022102
320021202
202111301
212011122
301031011
111121112
301104101
202110222
120132002
310110111
121021111
112140011
220022012
202021201
211110101
021113002
140031012
012121202
230010221
131021202
131041002
103111122
300122012
113000411
320020212
140012112
103122012
121111301
113011121
031112022
041020201
401030022
401021111
031122101
211121201
130020302
102231101
131021112
112041001
122012112
200212112
122011211
110210312
014002302
310140012
050021202
202022102
320011121
023022102
210210401
120231011
113041002
202122102
120111122
302041001
211121202
112120121
121122001
320014001
040002301
121131011
111221202
211112112
012241001
203010131
401021112
212012101
310012111
022111122
202112201
022131102
301112112
103110131
220120302
023032001
211112202
140050001
130130201
211121201
220102211
310122102
310121111
212010211
210121101
022103021
122021202
302020211
311011301
131022012
400110132
122022012
110221202
401013102
023001301
310112112
212022102
221010212
310111122
111111301
311012201
220111201
140012112
031121101
102112202
103022102
111210222
311021102
212031102
201212011
300112102
202130112
131012201
122032001
211104001
121020301
311021012
302012101
301105001
101211212
112101131
031130202
230021112
212011211
031121201
320030202
032031101
211121112
113011211
112110311
221011122
131021201
004110402
122021201
410020111
301120211
111221112
110202032
121021021
131003101
041010311
311031102
130131102
202112111
012020211
111102301
102031101
220130101
200223001
221010312
113031101
112132001
201231101
301120302
410021021
202113102
013121202
230011211
032032001
500002301
041023002
211031011
112121201
302010221
112102121
220121102
211110221
221021101
121023002
230011112
210030112
401020301
302011111
101111301
111211111
310140011
212011001
111131012
021201132
212040101
210113101
100411301
220040101
121012021
211121011
120211111
131021202
221021111
112121012
041020211
212031011
022141001
101221022
210230111
103130202
310011302
140001221
102121112
021120302
101231002
220113012
220120301
032020212
202112202
320012022
112110301
221011021
011222102
221012201
400110221
300202122
102221012
130112022
220130112
013110401
131021112
220122102
121123002
111232002
122012111
310140102
112120211
302022102
310112001
221014001
023022011
400120302
202120201
121112202
101314002
122030111
131013012
122002112
221031012
210120212
110212012
113003101
230021202
301011202
310111302
220130202
201212201
111211211
111212112
121120212
221021201
301102212
212022011
111212112
113031102
021120212
202111212
202123001
203013011
311012111
122040012
104030201
112122012
311013102
131022101
111240101
120104102
131012202
140012202
130112111
202131102
121111302
001321202
302013101
311013011
220020121
311021111
121112021
410012021
401021202
200021102
211111211
211111101
102103111
112112111
202121022
211121111
112120301
022111302
212030202
130101221
041031102
122011111
220013011
300121111
111121202
010113002
140011211
112121111
400130101
131020211
121121201
040012101
311003202
103132001
011301311
410031011
022111212
121130021
104011121
101222001
500022012
300231101
302003202
201131102
111222102
122032002
130132001
301130201
112131101
311021021
401023001
031110402
112021111
112112112
103132001
311012112
112123002
400120212
113021111
203030022
212021112
121122101
220132002
311012201
112112201
410031102
212013102
221013011
005040101
102221111
121000502
401021201
140022011
120121112
203011302
012131011
202140102
131030202
102211212
311030111
111122102
110322101
110120112
212030101
211030102
320014001
220101222
301103021
112131101
320021021
221011212
211112111
022101312
130112111
210230022
210222011
112104101
221022101
001302211
041022101
111221201
221003201
121112111
121122101
210202111
121112001
311002201
120111022
203011101
211112021
202131102
102131101
121122011
220013002
122013101
102201222
121123002
101222001
230001311
111211301
121113101
112131102
311021111
113041002
320022012
003213011
211113102
211121202
311020122
410012111
210121202
310112111
122002301
113012112
122002111
401005002
131021022
310113102
112112012
220131002
113011302
112121102
320030111
102222102
121113101
103131101
230020202
021230201
320012112
022121201
211102212
301101312
212022102
212040102
110321112
311011302
221021101
120112111
103103201
210222101
210211121
203011022
111222102
211130201
220011212
311013011
111031102
110121202
121141001
211131102
400112202
212022102
022110301
301131102
221002301
500021102
320011211
031131101
302011011
310103112
221021012
131011211
211030112
122011112
212011201
221013102
112102202
220123001
201213011
121113101
022111112
310121102
220101311
202102021
113012101
031111021
113010402
301121112
211132002
122022102
012211302
130105001
211111212
201230202
211111212
410050001
112140101
122011212
201205002
103122102
211122102
221021202
212011211
013022102
113031012
302013101
112110311
122002212
203010311
400110311
140013011
320021111
130103111
121103112
311020121
112131102
112122012
001312112
230002301
220120211
302031011
310022001
201213101
112013101
003220122
211121112
122003202
140012112
320040101
102122012
400132002
220113012
320031012
102131012
302012111
221012102
023022101
202111211
302020201
211130202
012102211
211014002
400120302
050004002
111010122
203021111
210231102
202011301
211021201
112102212
112105002
202022102
230020301
122021202
111201312
211120121
300221012
122021111
113031011
212001212
220140012
211122002
401022012
111230201
410032001
211131102
212030111
212011211
311021112
011312021
131013101
311023001
104011022
220111022
130112202
131030102
103121112
022121202
220100501
050020211
202112201
211131102
212010401
111111211
023031012
220121202
220104012
020312021
113022101
122014002
030222011
130112021
131021201
212011122
310111121
013122101
121140101
212020102
003230011
202122011
311021201
120230111
211131101
210232001
302003112
003014002
130122102
130132001
120214002
211041002
131012201
300103112
031120122
221004101
212011031
121111212
032030112
120121111
310121111
220120301
103121112
211112112
023010311
301021102
013111031
111112021
300131102
200221102
031022011
022112112
121111211
220040001
410030112
220123002
130121111
211131102
230003112
400022101
202121112
011330201
032032002
022121101
400130001
310141002
221031101
220122011
113013101
121111111
310131102
230021201
210230021
400110311
500010311
203010121
311021112
130112111
012112112
031030112
121130111
012201312
030213101
122030112
400012202
202103021
113030202
112150001
111221202
211101312
202111302
301122101
311001221
200131101
121121021
220112201
211111212
021212202
302012202
221013012
210110212
121021102
121120111
121131101
301131101
131010131
201203201
130122002
131010222
212003022
121114001
212023001
121113001
220130021
014012201
104020212
130112111
203010402
310121021
230011211
221010211
211111302
103121112
111103201
111250002
131011001
112111101
201120202
131012111
111112202
113013102
122031011
104032001
221041001
111220212
401021111
021221112
301112111
211102031
011312201
131004002
210131102
202121022
300121111
320041002
101312112
112102212
121020111
013112202
120211301
212022011
112113011
013140102
203012201
120202211
220031012
211111301
410030202
212011201
041021201
050012111
130122002
121112021
221012202
004111302
121121101
202122102
202112111
121122102
400111212
212021012
221012102
111221111
212011212
203000501
221010301
401021112
220112202
220113101
122001122
121110311
211120302
014012111
112104012
212012111
013021111
401012111
221022101
122011301
131010311
121122012
211140102
102020121
002321202
300212111
040130202
120231102
111200112
041020211
030012112
111110222
230022101
130131101
302022012
122031002
130111122
320003111
022112202
212013012
221031102
401012201
302013101
401021021
202102201
031031002
212031102
221040011
121112021
021010101
112123002
130021112
113010402
311032002
212002302
130120122
030213101
212023002
101210201
112012001
311011201
121002302
211120301
113030102
111131012
320013101
220130202
203020212
122021112
120230022
311040102
311010402
121121102
310112202
210210402
023023001
211104102
102012112
011314002
212012201
140010212
310023002
122032002
221003202
320011122
121011212
211020122
022131011
212012102
310141002
320030111
202120121
201202301
302012111
401012201
120201212
210210021
212013012
012213102
110220301
320013011
112121201
302013102
131001312
302002112
211001102
221002101
112140102
012220122
112032001
210222101
211120031
320012201
310104012
211111211
301120301
113011211
311020211
023010211
410040102
220130201
302004102
050021111
311020122
211122102
022101132
021222011
112113102
022150002
111020301
211131002
401022101
140012001
221022001
021020202
120113012
122021111
220104102
030102202
221012202
202122012
012203112
310104102
400020212
121101021
320031102
212002212
201213012
120101311
103120302
210221112
410011211
310120302
130121202
110141002
212011111
111023001
211020212
110221011
311011021
111110312
211130112
211111301
300211301
121112111
320021201
121003102
032011212
010221202
301111001
122011021
320022011
101230112
211111122
022112201
230004012
122022012
022121111
102222101
221011211
320002302
310131101
211131012
311020211
212032001
302031101
111220121
121112111
202122012
202121202
211121021
410022101
211111032
122021112
211130021
122012111
320021201
230012011
120220201
220121011
311021111
111211212
101112022
400021111
122012021
130020102
220021112
221001401
110121102
210211211
122023001
220132001
022131101
310131102
130120121
113020202
210221202
041013101
110210121
121112112
221012201
300131102
121111211
202110132
410011211
032021202
301111212
101312012
401022102
121131101
221012201
130102201
500012112
202111212
111231101
211131102
131011121
310021102
221003111
201132002
112020211
230012111
122030112
120211112
011210312
211111302
401041002
203022102
311031011
120220121
122030202
111221112
201214001
005021112
111210402
201221102
211132002
211111122
121132001
022012102
032011212
410013101
131011212
311002121
111230111
230013102
031132002
032020202
112121201
220003021
022102111
202132002
103122011
210211121
301011101
220122001
130112112
112140102
221013012
112030112
210211301
310112202
113020111
211100231
220112112
211102301
032022012
102112202
301122012
221021112
230031102
220131101
103112201
301120301
104020302
301030112
212012202
210122002
012230111
212012112
230030112
131001031
211131101
041021111
102021111
121021101
230013101
210112202
301101121
113003101
112121112
130122101
022111212
212022102
230010222
122031101
131021202
031130102
121113102
221003111
102221112
113004102
022122012
210231102
120212111
113001131
221022012
301121201
120204102
022113012
122022101
031112201
220111111
012111211
121022102
200321201
220122102
301114001
031112112
022131101
220111211
112112202
122011121
121001402
500021201
111131102
201221101
230020001
111212202
020210111
212020212
202120301
211113102
112013101
121113102
121122012
202122011
121113102
101322101
500022101
211141001
140022011
023030202
210201401
410032002
102220201
111221202
050031102
220022101
302002101
301002302
013121202
300123002
121113101
211121201
221004012
104030201
221011211
302011212
140011301
211122102
030212102
120221202
122021022
112022101
103103202
121104001
203011201
230022011
023003201
202021012
320021201
021201311
301111122
122021021
221021022
130020212
102222102
113022011
410041002
401002001
030232001
401031102
200311301
211121111
221003111
101200051
020200221
122020302
131021111
200131101
220121201
012220302
212012101
120121201
320040011
031122102
031102111
120221002
220112112
032031011
310112112
211121012
140030111
212031101
221020211
032023002
400112201
211111211
113030202
211131101
221002121
121123001
121130112
122020211
211002302
122022102
221031011
211002302
113020111
221032001
500032002
021250001
212021111
301111122
121102212
310120211
211103112
221020302
311021011
122010401
221001221
211121111
131031102
121104011
201221112
012213002
310103101
203011211
113020111
112101111
022010201
121112101
012220121
301141001
211130021
301121111
031111301
022120112
311010312
122010401
320011211
111110212
130122011
212022011
301150002
121122011
212021112
112140011
301131102
301121201
121111211
221023002
210131102
212000231
112022101
301111121
111222102
122022012
121101311
311050002
210104102
121041002
221012111
023012201
112131011
211122012
031114002
202104102
130110121
211122102
111220102
401010212
201212201
131011012
002131102
103021102
202011302
202100231
122031101
021203202
122013102
102202031
211101311
121112111
103121111
120121112
211131011
311001222
201211301
203022102
022120301
211041001
211111301
202021021
031022011
122020021
310011212
110322002
113012111
221020302
131002301
320021021
310122102
121120212
121121111
211120122
221031001
201011201
122011121
221032001
211050002
210212112
220121111
111200311
400112112
320031101
032021011
302012112
104002211
311012111
131022012
500022101
230013102
220130111
023012111
121112012
131020301
021020211
121130012
111140011
041030201
032032001
131011301
202123002
103112201
023022102
112123001
220103111
110301401
311011211
023022102
122022101
221012112
140011302
500010401
121103111
122022012
110122102
410012202
122031011
311041001
212013102
112122102
111222102
301121112
211103112
310131011
212022101
203012201
311031011
500022012
012103111
221012111
013121112
121101222
211120211
220131102
301111122
131010311
311003111
121010312
230031101
104040011
220120211
104041001
121102202
110100212
221011101
122011301
210110312
030212112
031132001
113005001
410022102
201211122
211121111
122011121
113022012
130131101
311010212
113020212
401021111
131030112
301113011
113001401
220120212
220030202
310100322
111202121
121121201
012020101
211013012
410013001
032030102
500031012
230030101
121132001
201111111
131012201
112110402
112120301
320012202
112112202
120214001
211111122
311041001
401041001
212020301
120220122
230031102
113031102
210111201
310103111
113001401
121120122
122030011
410011212
112110402
202112112
221021102
121121112
400121202
030121202
400121201
211021011
031112112
111112112
301140001
111204101
300212201
310131012
211100232
121132001
012204101
112121201
131031011
310022101
320001311
021011212
202030112
311023001
302020201
301112111
112111301
201221201
122021201
311031011
140010041
211113011
112141002
311013102
023031102
113011122
130122102
201221111
111102212
040105001
211132001
120011201
200312101
111223002
130131101
211111212
221020211
122014002
111230111
122030201
230002302
122021112
410001131
203011212
211110301
005012111
102111212
122032001
311021202
102022002
121113102
220121202
220120201
020221202
220122102
122031101
210201221
212011121
131021202
221011212
130101221
210231102
221013101
122001121
112121112
203011111
121121022
122022101
111121111
221002121
032020111
400130202
311012022
023020211
111222102
210102212
311012201
212002211
112100221
121122101
201231102
030141002
211011212
220122011
221032001
211103202
140013011
104000411
121104011
500031102
021210221
113020302
311021111
220013011
011120302
112021112
301111302
221022001
301011211
103112111
302022101
410011212
310103022
211121112
320022101
400131101
201223001
210120111
202121022
131022101
212011031
212021111
020312112
122021111
302041002
301112111
131030201
112041001
220013012
221003111
221003201
120220211
201221202
032003102
221012102
211031101
221011111
200121112
211122101
020202112
203032001
211112112
112123001
121122101
203023002
212021201
031120201
005021112
221021202
130141002
230011301
201241001
220110401
320031012
021220302
220121111
320002111
202122011
111210022
202110131
230021201
131010312
103120121
401013011
401031102
130111101
113021112
311022011
111222101
310130202
221022101
050040012
131014001
212012112
301120121
221021202
210111212
121111212
131021112
040103111
310122102
031141002
140011121
121101222
410011302
212000402
211121111
041031011
212001312
311030111
210203202
031132002
112112012
221022102
014004012
121131102
140021112
211002112
202112011
130002111
320021201
112023001
203021202
210012112
030221111
120210111
022030111
201230112
221011101
111241001
203002211
203050002
104012201
410021021
212012102
310122012
120210221
041022101
111111302
211101221
311021202
120222012
131023001
112010402
311021111
211121011
130111121
211121111
220112112
103102012
221032002
122010311
121122101
111222102
040111021
012212202
122021102
021021112
300102111
121132001
230032002
111212201
230011212
221032001
221021112
220131001
221012201
210201222
121131012
212020301
210221201
500022012
101211101
111112111
122021201
211121202
122021202
130112202
311012111
211101222
020312102
210140012
211111212
211101131
031010012
310021111
121112011
111211211
230031101
140030112
022140011
112132001
131013012
400021112
022021112
220022101
112102121
112031011
121112202
201211212
230001312
302011211
220102301
300122101
301104101
122021111
211111301
121112112
201130021
221010012
202120301
203022011
310102121
032040001
220131012
203010222
202121112
012231102
212011301
211121201
022012112
012221202
111212111
103030202
201222102
221020122
113011202
100212111
202113012
112102011
211101301
230005002
211031002
211120302
311021021
202141002
201011122
122012111
211112202
112122102
211010201
211111212
121131102
121121201
301021202
122012011
112102211
130113102
311021111
221022012
032011302
410030201
310110311
050011212
211002011
311001311
203032001
211102121
113011302
021013012
122012111
122010311
102221112
401011122
320011301
212010312
023011211
122003202
401003102
111211301
131010301
113001311
311031102
001431102
131021201
320011211
310030021
140031011
302011211
040130201
311010401
302031102
320021111
121002122
212022102
310011111
310122102
113012112
111230102
212001202
021122101
022121202
320020302
221013012
112130202
310112022
221010311
220130202
121011202
310012112
113032001
140031102
121021112
310131012
211111211
311012112
130123002
401012202
401012202
111222011
122021202
031041001
221021102
301122102
122022102
112113102
500012202
131021202
102112022
201130202
212023001
210132002
101202212
031113012
311021202
212040102
111122102
112121201
202112201
301022011
113041001
113020031
111212111
121111202
211121202
221022102
401021112
131023001
110205002
112011212
112122102
041011212
401021202
111221112
220112111
014021112
311012201
212020111
202103111
131011211
212013102
111221111
212021012
211122011
311022102
401012202
410012202
202121202
221031011
202131012
130122011
221012101
401014001
201211211
211122102
121111111
300040001
221011212
032004101
130131101
320030112
221013102
111114002
220130202
320011211
002121201
102203021
221023001
112111101
122012111
203012112
212032001
005005002
110321202
211111212
022111201
103110312
320022011
020302102
203011302
122031002
211111111
031112111
122030201
212012201
130132002
130122102
012203202
140001221
400120201
301101211
102232001
111230022
203032001
202122012
120213102
211112021
230013102
131031012
112012022
202121022
311001202
230031101
500021202
211122101
103020212
211131012
112132002
111222012
221011211
220120301
221022001
210021022
212021112
110201131
121114001
031112202
131021112
302021111
220113102
121140101
131020212
211041001
221022001
201132002
121120212
113021111
320021101
220110311
103121112
001010112
220111302
122032002
212002212
212023002
310110132
212021111
230013002
112111212
121111212
212000051
221021112
302013012
210231102
230032001
031110402
500014002
101222011
221011031
050005001
202122102
212040101
221030201
302021111
212011302
203003202
220011111
311021022
220121201
013022102
120222012
211111212
101302302
203011211
311013102
130123002
121121202
131031011
113014002
212023001
220031012
130132002
131003112
122010211
202021012
220012101
103121201
111100312
203040102
201231102
221031011
022032002
112111302
211132001
112141002
400132002
230003112
122021201
220121102
121140102
111203021
220011112
121121202
113003201
012221101
201222101
310112111
211122002
311012202
500003012
112113101
211111212
103030101
122010312
111113001
212031102
401030111
112023002
120031102
310121202
122030111
203012111
112130202
400031101
310120121
212012111
320021201
221010301
111221202
211131101
212010301
221020302
212022102
211121201
022111032
301121201
401005001
112110121
202121202
211004102
102213102
310131101
221021111
211122102
212012022
032002122
022101311
112112202
200121112
202130112
221022102
112022102
211020112
211104101
122021102
140002212
310012112
211111111
212022001
311022101
311020112
302012111
302023002
202131012
050023001
301101301
122012201
211111301
012220211
121131011
310131102
121121202
111240011
041022012
111103202
111231101
122002301
031102302
301113101
102230112
130011102
202110121
041032002
112150002
130121111
211013102
121102211
023032002
130110221
211131101
300121111
121140101
021214001
112111212
121123001
211104002
301122002
112122011
202110401
004121101
111102212
012200411
221021022
112122101
112102212
031120212
031104001
121102211
122022012
500041001
121101221
112122101
221021201
211123002
410021202
220112201
210113012
302012022
022105001
212012001
131011301
301130021
212011212
211102301
221020302
211112111
221012012
031022002
111113102
111022012
041011201
104011121
013112112
212040102
211110221
031001402
400121201
230013102
212030202
121111302
131022012
022102211
112123001
122004101
220141001
120211212
221012021
101311302
221021111
122022001
211121022
311012111
211130022
220141001
014001302
220021102
201221111
211131101
111231102
104020112
320020301
121011212
211112202
221021111
112121202
211012111
320011111
120001102
211120122
020102111
212011302
301112102
120221111
032013102
221010212
400011122
202112201
122012201
130112111
201121111
211010311
221003201
122011031
210221112
210121112
031131101
202112201
220130011
302021102
104032002
120111212
122041002
221002302
111112202
022131102
122012111
031113101
202112202
302041001
022121112
130103112
112112011
221020211
121021101
112130001
320030111
302050002
311004102
121121111
111232001
102121011
023031101
111231002
131030201
203021111
401021112
320021022
031130112
121110222
013103111
022130201
122012012
131000501
103112012
410021201
221021202
122012201
112112102
101312202
113040101
410030112
122022002
230011211
121113002
021211211
041040101
310122012
212014001
221010211
013111201
103112112
120204102
301112112
211113101
212001311
201131012
210122101
104005001
230013012
310112202
102220121
120102021
131001221
031122101
130130112
201111211
301103021
023022012
221032001
212022012
131012011
201114002
202123001
211031102
311012111
202011301
221002111
230011202
140012111
003250001
111111001
203021101
131003202
121112111
111212201
310131011
211112201
311002301
122021202
111112111
311011101
031140102
212020212
301111302
121113011
113021202
311012112
302012111
130002112
210230102
021210222
112121202
120221112
500002211
211120121
401022101
004112111
201110312
003200501
300131012
110211121
320020212
203010111
022011211
014001402
112112112
022122012
211131011
212003012
012110212
111105002
201211212
122012022
210223002
221040102
140012201
212004101
112120211
130121022
202122102
121111212
311001222
310112112
211102122
131012111
500011031
210212202
032021202
401011202
122021021
013130111
111030102
030231012
311022011
311022012
122001402
500021111
211113102
013103021
212021201
130122011
212022101
320050001
310021111
131031102
211013101
122021022
112103022
122030111
003212112
210212022
401012112
112121111
221011121
031021112
130122102
203011212
004120111
111021201
220110132
050014002
220012202
230002301
311010212
140030111
112131012
122022101
310113012
103013101
131021011
320020111
112121112
140012111
320010401
131030201
302014002
220121112
022112011
111122012
211113102
104012102
302022101
211013002
101130001
211131012
050012112
203031101
121113102
022113011
004010202
230031011
121032001
220101312
103121112
310020122
031112202
111111112
221032002
212022011
031010221
101313002
040114001
131011211
122022102
301121202
101121112
310132001
130130021
030202111
401012201
112122101
112132002
212020302
122032002
131022012
131031012
221030111
201203112
311020212
041041002
220111122
320022011
302022101
300120202
310122101
401030112
120221112
320002122
121112201
212001222
112110312
401012111
410010402
031112111
121121201
103112201
220102301
113012021
202101212
400103201
220113102
014020121
111221112
212011302
221020302
410020031
202130112
311000501
130102211
012123002
112140011
221021111
112111121
113020201
201213011
110303112
121101402
121120212
102220212
111241002
121130201
221022102
102150002
112104102
230031101
111212101
311020122
041011212
212011212
111112111
221020301
203003011
401010311
310113102
212011011
103121102
212011212
230023001
122013011
320021202
122012111
202130111
221012022
311022101
022012111
211150002
102221202
113012201
310111211
210121021
311021101
013102211
140021201
301101402
202100232
121112112
113012101
300222012
202013101
221022102
221012111
201113102
102203111
122030112
221040012
500001112
221012112
102212112
121113012
320031012
122012101
212012201
121121112
201211302
122021111
100022102
022122011
302020211
210221202
310111302
041013011
311011022
022011121
221012112
301121202
301150002
010400411
121121112
320031101
113011211
203001121
310130111
212011121
230022102
212001222
012211211
230030112
005012111
021222011
030213102
401022101
230021111
201103102
410032002
022102301
130110221
211102212
013112022
310111211
121113101
211121101
311011211
500030112
130041002
320050001
022012112
121122011
311031011
111131101
311014001
102022002
111112112
310103111
131010401
410001221
310101222
122022102
311011202
320021201
201103101
221013102
110010202
401013012
230021202
120020121
211032001
022111121
310130201
140001312
311030201
121112201
112102032
203030111
112121112
221013011
201221111
221020301
211120121
410011301
500021112
202121111
121111212
210122011
112032001
011221012
112102122
320022102
211130111
041020212
110232002
112020211
220121201
203021202
202140011
112123001
112111201
122022101
320021111
121021001
212032002
102220211
121112022
121111301
012222012
401003112
211011212
112122102
212020031
203012112
112103201
122011111
302032001
302012012
201220201
104011201
500023001
410012111
120222101
122003201
112121112
211103202
301122102
212031002
311031011
311012112
040041002
201104002
121110311
113041002
210211212
113014001
320003201
310103111
130131101
050010301
320011302
212020122
230023001
120230111
120120021
130110401
301010212
310111122
301121111
104021111
031113101
311022101
221021111
201112111
311023001
401012201
310012201
031111302
400121202
220113101
221011212
300211211
021220302
212005002
220140102
310103202
302012202
040112202
201101032
211120302
202021012
140030112
120103112
230010401
301102211
112131102
121112111
301120122
221003111
111231011
202113102
221032001
401011211
014003201
130120121
221021112
120222102
122021021
311050001
211011022
021110201
212030101
221003112
012022012
212012201
221021202
301131102
211131011
131031101
111212001
130121022
122032001
201111001
311002202
122020301
302011121
121131101
410010031
210021202
221021202
112121112
300212201
111202302
300120121
410013011
203012201
230011111
300220031
031130022
310031101
220111201
111212102
130121202
221011211
031113012
310111212
401031101
131011111
022011301
310112111
130120112
130112112
202012022
121130202
022013101
140021202
131011032
211010212
310123002
030221112
311023002
113011122
022113101
310122101
112130112
212013001
022121112
211122101
230004012
221012201
300211031
301101201
030222001
220141001
032000412
310131102
302021112
121012201
212031102
013102122
121102122
401011111
101322101
202031101
302031011
121114002
301112111
320021111
130122101
310121111
221002211
301122102
140014002
211031101
140012202
121122101
301111031
203030202
211110222
230010211
202013101
103121101
401010212
220112201
221020112
112011011
310113101
311021201
022102022
302001111
221020021
110022002
200312202
032003201
410020211
103121111
012222012
112131101
500030201
202112111
202120122
311011201
111203111
120211301
130021202
202112201
310101402
140002302
112031011
102221111
112113102
131020121
310121112
122030101
211123002
220120111
302031101
202121101
230031102
121032002
111121112
202023002
230013011
130120211
122023002
201201311
031131101
310113012
212040012
210201132
212030101
211120211
131002121
211111121
220003011
230022101
021211201
111213002
011301202
113012001
112120121
310141001
211112201
211131102
220103202
121113101
112111301
212021201
113012111
500002112
301102121
122012201
221031102
221011301
221031011
211011211
121141001
320021012
103111211
122031102
103111211
211113101
012104102
112102301
122002122
201203111
023011121
113013012
022121111
220102301
211014002
302022101
130121111
311031011
320031011
122003101
401032002
211123002
041010222
311013101
211121111
311020202
203021112
131012112
121122102
220112112
311012201
211130201
212032001
121112112
300211211
211112102
130101402
230031102
401031002
220121111
103001212
320021101
023013102
121112111
112130201
211103112
122022011
050022101
121121202
122001131
211021022
112121202
220141001
022122102
103101111
131041002
122032001
221022102
310104101
310130201
203031001
111211121
130113002
221011111
221021111
021101121
302011212
121110402
211123001
122013001
301101401
220112111
320013012
111131102
112021201
310001302
202012112
320011201
113030201
212020211
220130201
212001311
220141001
211111122
122011121
311022101
022113011
220113012
140004102
022121021
202140011
212011111
211012201
202140011
211101131
211113101
211121111
122010221
113014002
401021111
112111301
211050001
110222101
410021202
130111302
212013102
103122102
121121022
210121112
122012202
301121011
021122101
211140101
220112112
112032001
102212101
011312202
211130111
221021112
311021112
410021011
050011032
221021001
121122102
310121112
111231011
111201222
120120212
300121012
031111112
131011031
212011302
221022011
310113101
004102302
022130111
113011122
301122012
410002211
110030011
122030202
221012021
211131011
203030202
401032001
220114001
112131101
211102201
311013011
211011111
221030022
300121101
120230201
211102211
211113002
022012201
211101111
211131001
120112112
211020211
102111021
021221112
211122102
220112022
111211201
210211121
311020211
122012021
220101212
112131012
112102122
211121022
311021202
111212202
220121112
140021202
122021102
400113101
131014001
211111201
300021201
113031101
200312201
230030112
111131012
301121201
301001121
210130112
210121101
022031101
130011202
212030011
131012201
122030112
210120302
310102212
003211302
121030101
221021011
023012112
120231102
131021202
021131101
103101221
221003201
220031101
131020211
212011121
211103111
102213012
310101311
121131011
221011211
401032001
220012112
122012111
220121112
221011121
022120302
302012101
121111212
101330012
500020121
131012202
310111121
302011212
211131012
012231011
121121021
031102121
301112112
212011301
003020202
103121111
212022011
103111212
110311122
220131102
201212022
140022101
310122101
022121201
102212112
220110031
111210312
111111031
221020202
211031102
120012112
013122102
201102212
031112201
011312111
320021111
122001222
112113101
310121111
301020022
200350002
221022102
230022011
211101132
221031101
301121201
101221012
021112201
221012201
300211212
220111212
122031001
113031102
111240101
302031102
301112202
111002121
310131102
103103201
110111201
121111031
202111301
121121011
121001122
122031011
202122102
120122101
103100111
220131101
221013011
131012111
202011121
400111122
302012021
122010221
211110401
121030112
212022101
122012112
120130101
041021112
200311212
121112201
401002202
131002031
103111111
212022102
302011122
201211301
102212011
113011212
111222101
221020121
102130201
122021111
041011212
122002121
220011201
301131102
010421021
031021202
211112201
220130202
120212101
302012202
310130201
301014002
012212111
112131102
211113002
220112112
212030112
301101312
211122102
120222101
230040012
140022102
112122102
112121111
301103201
131040011
311012202
310112201
014011031
121130011
320032002
310131102
221001221
211122101
211121021
050010021
112010211
102211211
310132001
021211112
202021202
311012201
221021202
112103202
112111122
310121111
122012112
210222011
011203101
311011111
220130112
210222101
311022102
200123001
401031012
113022101
230011301
201213102
310111211
121140102
301102211
202112111
103111301
320001212
112012111
210220111
211112202
112011121
121112201
021001121
122020212
311030111
301101311
113002211
320005001
401010221
211021201
202012111
320011202
131021202
320012102
112105001
122000411
014021201
221022011
112131101
202121022
140030202
131022012
221021112
122011211
012231102
310012102
020120121
131011201
111122012
212010201
130113002
302011212
002121101
102123002
202112201
211021021
211121022
221021101
140021111
102212112
400113102
120200322
112120302
211030202
111230201
211002011
101221201
122002212
221022101
212002211
221022102
301121202
031130111
201112201
121022102
121111211
400113101
210203202
400111211
310120201
112002212
320022001
122013011
410021111
120210221
211103202
113003111
030131102
301111212
032032002
002012022
112002302
212010401
310111212
212031102
131020212
320002212
112022012
221010101
112123001
122020111
201212012
031012101
210132002
212012021
022111031
131032002
320030201
220113101
212022101
211150002
212020201
121030112
112110131
211122101
121131102
121011022
230021201
311011121
220012201
311002301
131012201
022111121
130020302
121114001
210202302
112020011
021131102
311011212
302013002
212010401
311012201
210220122
112111211
211112022
111102302
130122012
230011031
022121111
032011212
041011202
021131002
310131012
140001311
310011202
311012202
212020112
041013012
211021101
211110312
220112202
203031012
211111301
220102212
202111211
031114002
220121111
111203111
301131101
003113102
400131011
110211122
203012011
122031102
212002201
310111211
401012111
211112021
121120301
032031001
211122102
040111212
112131102
013110211
211121011
120231102
221021111
110222001
310112201
311010312
221021112
131010211
410022101
121111122
121122101
121121101
211111301
104021111
410004001
401021012
410003112
210130101
310001131
122011212
112012112
202111121
211132001
221021101
102131012
212002302
310122102
111212111
310112111
122010132
112141002
014022011
410020101
212022101
500022101
201120111
122031001
311032002
212022011
410013101
211130111
111221111
310112202
023021111
220121201
203014002
005012201
220121111
002211031
220132002
301121111
201231011
212012111
400130022
221011212
221032001
041011211
201202102
130111112
113013101
122021111
310111301
220012202
121111031
121102121
310110301
410021201
311012202
212003202
111222101
022011212
022131012
221022012
211102202
202111111
311022102
130121112
111121112
202013101
201122012
400012001
211022102
110331012
121122011
211122011
121031011
131014002
211111212
012202212
102101212
211102111
111103111
221012112
103121012
211123002
022102021
103130021
230013102
310131012
103121011
310121201
121122102
113031101
112130202
310130112
111221112
121113101
211110122
111231102
113023001
211121201
111122002
220121202
212013012
131012011
131000322
120201312
102212021
221012202
201101312
221010312
021221101
220122102
023012201
022121011
102222012
121122002
111231012
211101311
130114002
203040012
211121202
113020212
211112111
212021202
113013101
122021111
120222101
050021202
320031101
203020001
121111302
211101222
003211122
012130112
003131102
212012201
122012101
302004002
212022011
310112111
111102012
122011121
121010201
111031102
121021002
121101302
112011111
201121202
050022011
130121111
212012111
221010221
131011122
210223001
211141002
122031101
201232001
410012021
401011201
112030202
302013011
202123001
102212021
131012111
121120201
211120011
131011202
310011021
032013001
230012112
210222011
211013012
112111122
320021011
211041001
221003111
121114001
011012202
202012022
211110211
221011111
201111212
112013002
112121112
120102212
113012112
302011111
320011301
031121111
310130111
230010312
111203201
112120122
022111031
011310402
131032002
320012111
130131101
103101132
302011021
200321112
121122102
021113101
121130111
202113102
013111212
310112111
311021101
201112102
221020301
311011122
011311122
031131101
022011112
121020122
101200401
212022002
311012111
022100231
320023002
131031012
212010132
300104101
211111121
211131102
013112011
111210221
121012112
112111112
102231012
320030112
200122012
302023001
014021112
212031102
111223002
111231011
111112111
202122102
300231012
211112111
211111111
220123002
202111201
112041002
300113101
201122102
210121202
012022102
030121202
221021111
011322102
131001401
311022102
112112111
120230021
121131012
410003102
212032001
211121022
320031012
220022011
212012201
401010301
212030111
130021202
221021101
120231102
102240012
202022001
021130111
103121012
201131102
022011211
121110222
221032001
041022011
121121002
211120211
202020212
140010211
111030101
022121201
212030201
031111212
202112201
400021101
140002201
012221202
301121202
212031101
120204011
012114002
302021112
301010111
102211201
112112112
221012112
112101311
201220301
122013101
202112021
112002111
103110312
121112202
210030202
410012112
210202212
012212101
221002211
212020111
212012112
130131101
300211212
212012201
302001401
311021201
022103201
220030112
301020212
311003101
023002121
111121202
121111301
211111211
122011121
211120121
201223001
011121011
131020111
101312102
300200122
122012111
130121112
211102022
103113101
300131102
021002122
111012112
230020301
210032001
230032001
211122011
130121022
120231012
311013102
220012112
301121202
121130202
121103021
202011301
103110212
301140012
121112111
300232001
211122012
202010311
310131102
211120212
310123001
021121112
212022012
121112112
112022101
211012101
140030201
310121112
410011302
130032001
030120212
130112101
211113001
140012201
104020302
021222101
003201102
103113101
032021112
111222101
013113002
310122101
410020301
302031101
400131101
121130101
202122101
032012111
122030021
220131102
121111201
021221202
131012112
121121202
121103112
203011212
112120121
410022012
112013102
230021202
212023001
140030112
212011101
203011121
410011201
030212201
113030001
221031011
311012102
310122001
121101312
120130111
220112201
311012101
212001221
310113002
211021101
122021111
121132002
122022011
301130111
211121111
220022011
320011202
112111302
121103011
410011302
301104001
103112101
220131101
112131012
220122011
120212202
410022001
111121101
212021111
103120211
131012101
410013102
201212202
120111212
104021111
211011121
014022011
211102301
122011212
005020212
030212201
320020212
112110121
300101101
022113102
031102101
111221201
311010212
112100412
300203111
210021202
112032001
121122011
121111212
212031012
311021111
301021201
111231102
140013102
203021111
022121112
311002301
104040011
022021101
112121101
201202101
230022011
220123001
211111121
220050001
100012202
121112202
203021111
212021112
202002301
400121111
140030202
121113101
112020302
211140011
311021011
121131102
032020212
311021112
103113102
221013012
122012112
221031101
021121201
022131102
140010402
211022101
301101011
121113001
212011211
212002211
211102211
311001301
121111301
311013101
221012111
111213101
022101312
410010221
121120302
120121111
111232002
221012202
103103201
310112112
221011122
201222012
023030201
310112202
311020211
121111211
210221112
211031102
211020302
301105002
021131001
320012112
032031011
111021112
130121102
210131102
221040102
202123002
022100132
311001401
202021201
121012112
012230202
040001222
211140102
130130202
311013011
102220121
311003011
112120112
311001211
400111212
212012112
311030112
221012201
221012201
401011121
111202111
131022102
005002121
100221102
131030111
113022001
112011032
022112111
032020121
201212112
014001301
221013102
112102212
221023001
200111112
211141002
121121201
211121111
112130202
301120022
201212021
311002301
111221112
100431102
211111212
122014002
221013011
221030202
212030111
122032002
301012201
211122102
211122101
131011122
401003202
122010311
211012112
122010222
121112202
022102212
211031012
310021102
210112112
230021112
230021022
022110212
211121021
131030111
102211211
111111211
121130021
022023002
111111111
230012201
410002211
320011121
212003111
122014002
311031101
320002212
203031101
130121201
022130011
001113012
111111022
202121202
030223002
111212112
022021202
401012111
212031011
112121101
120212011
310113012
230013102
211141001
212021111
311011111
111204012
400122102
212003111
122040011
311022102
121140101
212002122
102140102
012131002
302012201
121112021
011111212
111221201
302003021
201120201
012240012
120221011
310112112
500031011
102232001
220112202
200223002
211003012
320021022
201221202
301120101
012220121
211122101
211121111
112120202
211131011
210231102
201011212
211121201
112011111
121110312
221012112
112112202
014021022
301112021
122031011
212011212
130112111
003221202
221022102
211112201
103131101
401012111
311020031
031112022
122003101
112112201
112111211
201230101
122030111
220021201
014011212
121120212
111212021
112123001
210232002
211121012
021221102
111121111
112012112
211121021
113021202
401031011
311040102
120030102
311041001
212000411
021111021
131021011
220102122
221010121
111202122
221020111
131011121
104002212
130112201
121021202
112111202
210213011
202101002
211002101
320030201
320030111
112131102
401010212
211141001
311021201
210210212
122002111
021223002
131031102
120113102
211011031
221001131
203012111
101101312
311000311
220113102
311031001
211130202
202104011
211122012
311012021
220112101
221022012
300222102
122013011
220131102
311013011
120122002
041012201
211021101
120111212
300041002
221010221
410030201
302031012
311012111
111131001
310122101
122021112
112111211
130122011
110230112
211122012
120232001
300122011
201111121
121111121
102030001
221021111
200021202
112120111
203021202
111213102
121101221
112113101
121020112
101221101
301130111
122022101
131021011
032011301
111213012
131041001
103121102
122030112
031110402
121002212
212022102
212002211
121121202
221013102
311012201
103102211
103132002
113012021
220111201
230011121
221023001
120212202
130122101
211122012
320014002
310122012
301101021
410032001
130122101
120121102
131010131
201230002
211011202
212022102
201231102
202121202
221022101
130121102
203013101
201231101
102200411
301111301
103112111
023021012
032013102
111211202
111213012
131021022
212022102
221013102
122010312
220111122
121131101
210223001
211114002
210221001
211111211
230030022
121131001
211021102
050011101
212001211
230031101
022023002
210214002
110312111
410022101
301011302
311041002
130013012
032030101
112102021
410021112
220111031
102220301
212002212
311022012
211140011
121150001
221031011
121001312
301103111
122002201
220120301
112111212
023022012
311012112
112002122
211003021
122021101
302020212
111221111
012112202
311012111
202121022
212031101
121132002
301030101
020321202
211130201
311022001
121130022
310112111
211110301
310103011
211122102
310102301
401011212
030112101
211121021
230022012
211111121
221040101
013101301
031121112
212031012
112120121
211122101
111201222
101302121
111202112
112102122
011341001
111212111
041011211
311022011
003222102
122022011
113013101
212031101
032012112
022022101
320021201
103110311
211121111
410001311
111131102
020311122
111220211
220110401
210122011
221011212
211001212
203012202
221012022
211110211
230030202
212013002
211112011
320013101
212021021
111112202
220112201
113012021
311031012
301131012
211022101
023003111
122021111
121131102
221013102
131012101
410041002
220103201
112121112
140012201
221031011
221004011
112112021
112112201
022031102
202012112
122010132
310111101
210220012
130101301
220110211
041005002
121103202
021010031
022111121
111213101
210222102
202003111
121120122
032040011
211131011
121101211
310110311
122030101
031111201
212000402
101121102
111020212
122031102
203030202
121011211
301102211
121101211
311003111
311021112
401014002
230020121
302021021
023011301
014012112
311012111
121113012
023011112
040122102
211113102
201211121
121102302
101312201
113022102
300122102
111211121
210113102
140011211
131010211
301113101
220022101
221012111
310112001
311031012
121112202
004112111
311003021
211102211
130112202
311021111
110212112
310123002
212011211
122020201
320002201
121130201
101312111
112011201
301001222
102111202
040103111
111211302
023021201
021210211
220122102
211111211
121120212
121121111
013101302
120122011
220012201
103012112
202113102
211010212
202102121
211113101
110121112
210213102
111112202
311023001
301113012
311022101
202101001
211121111
031121112
300121202
022030022
220103202
120213101
113041001
221011212
121111212
202131102
121110311
310111211
221012102
122020301
210221202
122032002
210201221
221022012
031113102
230031102
111120211
131031011
203032002
310020302
111011211
130001302
310111301
311022001
400021022
110322002
211040012
121121202
410022102
220120302
130022101
131011202
103110401
320021201
102212202
211003111
121112112
220112002
310103202
221003111
112111121
301111121
212041001
031130111
111122001
112103102
121040002
002021102
301121201
302021111
013121202
301011212
203013102
023013012
211012201
121011101
201141002
221021101
002131102
221003111
210112202
113020121
220011212
202112021
103111212
022110201
121121001
121120212
112121201
401021202
310114001
001432002
003231102
211121112
112121202
111131012
130112201
201110122
220123001
130102301
320021112
202121112
221002211
203031011
300113012
201211121
220140101
121012101
113011111
310111122
112113011
122021022
102211211
040110402
113002212
121012111
300012112
302010221
301104011
113023001
211011302
103130111
311020212
221031101
122030101
111231011
311021021
221022102
121121102
130112111
311012201
122012111
202111032
221050002
103012112
121111001
111010302
230011112
220102121
221032002
121122011
301120212
112111121
400022102
102111301
230012201
211121201
220110111
212012111
111013002
111111202
110111212
113022101
212011302
211010311
112131101
230022102
031122101
212021111
102222101
401032002
212011211
112021202
211120022
203023002
202121111
020322101
220010212
320031101
301101222
104021111
031002201
230021201
112130111
220122101
022121202
013111211
311022102
211113102
202012112
103130011
230020121
301121111
211121202
212011302
122012201
012221102
211140101
031031102
320031011
311022101
002220112
320040102
112130101
121112201
211103102
210022101
121103101
211121111
202110312
211111302
122020111
121120122
101311211
201020111
004112112
221020121
122001312
221010132
012102121
220112021
221031102
311031101
131040011
212003201
122021112
211111201
130131102
221021202
040113102
130021202
121012201
130121201
121041002
010112112
311011302
111212202
301100231
202121202
032030201
120011022
102203102
211141001
310111112
022110221
211030022
022131012
021111212
211012101
121121111
122012021
221021201
111221021
211121112
221020211
121131101
203021202
202122001
122021202
202011212
311041001
221031011
221010311
310131101
211140101
211130022
201222011
111221112
400002112
202030202
112011212
311023002
131023001
500001132
311010101
230030112
311021202
023040012
021122102
210222102
120002212
111221101
113003012
311030012
221014001
310130202
120112012
410021202
311030101
111211212
120231101
004111212
112110402
130130112
221012111
013102211
212013012
311031101
220102122
210212112
104012111
121121112
220121011
310130111
202120122
310123001
212011211
201230202
200113102
210211112
113020211
010410112
111111112
211031002
030021001
130001222
012111212
014012202
113000412
202113001
302012022
311030111
320014002
022112101
032012201
300103112
040020212
112030202
212012202
221012112
202112201
301121202
120210221
210212111
301131102
112021112
202103112
013011122
211011211
400130111
103132001
122040012
140011212
320022102
022121111
310023002
013111122
031111122
103121112
122011211
041030112
211022101
111131101
121112101
030211111
211112111
220113102
211122102
210213102
113030022
112021022
130113001
120120111
111112022
211113101
201222002
103132002
113012112
211111211
220011112
220131102
121121201
022022012
121131101
210202212
131003112
121120032
112112202
112121011
101311121
500003112
220121111
230032001
400111211
200121102
212012112
012203202
112002202
500031102
211011211
301110221
113003111
120101211
210011201
121103202
211110221
211121002
230021111
310103112
221001401
211021201
212031101
410023002
310111211
401020202
202012022
112120121
400122101
301112202
121011122
310002121
021213012
031110401
023012201
113031012
112122011
032002301
121011111
400130112
401023001
032012012
121031011
220103202
202111211
102112202
112131101
031111302
022020121
212010312
302021201
221002212
103002211
211130112
210120212
121112021
301121201
102221112
212021202
221020122
211112111
031122101
102201111
211013102
040111111
102212111
023040101
112130101
320023002
212021022
211120122
220100321
011311212
111202211
013022101
221012111
311041002
202021011
113000401
310010221
121021101
230041001
311011212
211122101
311032002
121111201
211023002
111201312
104041001
203011111
012211211
011213102
111113102
202102212
011121101
202111301
111121101
121031012
102212202
212022011
211001312
112121101
130111022
210212111
120231102
022101401
131012202
230012201
202102111
401011302
131022102
140022101
400111301
122003102
320031102
301112112
023021111
211103011
013040012
121112001
221021021
113011301
400020201
002213012
100221022
131012102
211011211
120221111
103105001
111232001
130130112
310011302
220122102
111221201
203022102
230021111
310110221
311004012
211112111
221011211
112121201
221022011
131003202
113022101
201212201
130131101
221030111
203023002
130012102
202113101
221013102
122020122
112112021
301131012
020221101
212021111
221012201
140021202
212003111
122022102
121001101
130111211
202021112
021221112
121121011
013130102
301141001
022121111
221002121
211120202
111231101
301012112
210211212
311001311
131021111
220004011
111102302
112111302
111232001
120122012
120222101
111210401
121112022
202130201
031112202
200331101
212021201
221021101
302031101
121121011
220030112
112122001
021030202
300123002
310122102
211121202
140022012
120200502
130104101
211121102
121022102
122020212
310140001
220122102
211030202
220140102
113013011
311012202
120121102
121110312
012212111
210200502
211102211
140031102
131002122
320031101
221031102
211113002
120211101
220131012
122011121
212031102
221022101
022121201
203021202
023011302
001412011
310111121
211131001
311022012
221010402
301111301
211122012
121114002
130111212
121103201
211131102
400112111
130111122
112121202
221021201
112121102
021211211
410010312
122031102
121131102
121123001
011220302
301120022
131011211
112012012
301110121
101122102
103112021
201211212
302021111
310101221
301120111
050011111
112021111
301002111
130112111
122022101
401003111
320021112
221011021
002211211
122012112
203012201
401012202
122013012
120204101
221031102
311022102
230013012
203022012
103121112
003203112
003122101
211111212
230041001
110310222
120111301
310010312
301132002
210010201
121022101
211111212
310120211
130111031
221022101
131011211
131013002
023001401
212022102
121011021
202111302
220122101
410021112
211130201
220101311
120211202
221021112
121120302
201222011
121112112
211122102
112121111
201222012
211012112
002121012
211022102
220103011
012121102
311021202
140032001
211110311
301100211
221021111
202122102
112140012
020221111
211121112
011221001
221011212
211111212
311030201
012030112
111211302
210112012
210110121
202130202
211123002
122012112
410012111
320012112
112113001
111222011
111100412
122021202
400031012
210231102
410012201
210212201
210120121
301013012
122011021
021011201
111122011
212013011
220130112
230030201
230022011
104022102
211041001
210103202
220112112
212011111
112022002
311022001
212021201
202102031
210221201
212022102
201211302
210201402
201221112
221031011
221011121
140030112
122001131
221023002
212030112
032011121
211122102
120130101
310021102
121011212
120112202
220111102
200221112
211111211
221003101
210230201
210212111
311020212
221022102
210111212
111221102
220121111
111201222
013121111
302021201
211131011
111211211
121122102
121012201
121122101
221012101
212010201
121122011
121011211
410021111
212021021
111221112
120201122
030132002
320040102
201112112
211121112
131020121
202131102
112120112
300221202
030211212
301100402
301102201
112012112
121102211
202122101
121121111
221031011
110313011
212030112
220121111
111211111
221011212
311013001
311021201
202113011
112112101
103022101
022121112
320022011
121111301
220011212
311022101
211131102
021012202
202103201
021211021
121120111
221030011
101111121
010012112
121122012
401020122
121014002
310021111
301121111
202121111
120221111
210211302
113012111
221011102
211111201
121112202
220010101
113012011
130002302
301100412
112121102
221022011
041020212
030213011
212022102
311011121
310120122
112130021
104013101
201220301
004120302
401012202
200311102
112111122
122002212
122031102
211132002
022112111
302031011
121112201
310111212
320003201
112122011
212021021
120112102
041021112
311030202
401012112
131010121
112000221
002331101
310131012
311012001
203001311
112122101
120231012
410002201
103120032
211111212
030122101
131012111
122031102
113040102
122021202
221011202
112122102
120203112
131002121
112111012
311002031
130122102
121121201
210220301
221020301
212041001
220120122
023014001
202122012
221021022
012213102
302012202
021100412
310122012
110203202
400112112
311020301
021221201
032021111
112120121
221012201
031112112
212020211
221002212
002121111
310103201
212023001
212022012
111012111
104001221
121141001
212022102
203012111
113012101
211012112
121121202
221021001
012201221
112111201
122031012
113010402
122011032
110231102
130111302
221031011
111001212
102122102
003131101
311030021
021212202
140010221
310123001
212003201
113010221
112130101
102130111
220122102
121121201
130104102
320020211
032011111
111221111
120120301
311021201
012230201
113002301
210221112
122002301
212021111
211112202
201223002
311031011
140012201
130132002
030222001
410020121
221021021
111122101
301101311
021212021
311013101
102110212
040123001
310120021
101123002
221022101
022141002
220020202
221030202
211002211
030102212
220030112
220103202
211103021
212023002
111221201
022123001
500031002
320021201
121111021
212012112
031112111
212020111
111201211
012122101
311011212
122011121
202013102
220111031
103123001
121012021
111110111
112112202
220122101
211010212
301140102
120201211
011203112
212020111
122003011
112130201
103131102
131003011
112131101
031130022
014011121
022112111
221021111
111121112
112111212
121010222
113021022
021221101
221021202
012221111
131021201
320032001
112113101
211111212
220110401
212030102
211111122
211111301
121104101
220121101
001013102
211130112
112121201
103010111
212012111
111213101
112031101
221001211
311022101
221011212
120102201
101310122
131032002
220131101
101220212
320040011
311021012
220112112
220102211
113032002
220112021
020102122
301122012
211102301
301111211
112130111
221011301
121111121
212032001
211121011
201011102
031022101
122023001
311022011
022111212
112121111
121030112
120223002
030212112
022111211
211112201
211121112
302013001
104020202
311004102
220123002
112032002
121012101
220111301
101131102
301013012
221020202
221020101
311031012
121100011
221011122
230012111
102201401
210211211
212040102
032022102
203021202
032002211
211120112
211112202
102221102
221030011
221012202
211121111
320022002
221020122
221021111
112122101
221021111
212012021
220140101
211010211
110211212
112110311
311021022
122011302
221012202
131021202
311001312
220022101
131040101
120212111
022111122
032012111
121113101
211131012
311002301
211012112
121130021
221021112
120222101
310122102
410021112
310110312
221022101
211011111
112122011
221030111
130022102
022121011
202011301
110113011
211122101
102132001
230021201
212001111
122031001
302030101
400122001
022122102
031122102
301112021
131031101
021250002
210102212
121140002
310111212
201221112
311010311
302022101
102221202
012123002
212021111
112113011
211122011
320021202
311011302
120220212
112121201
310100322
320020202
130102101
012101401
300141001
103012112
221013102
131031102
302011101
301122012
221021201
220102111
301121112
310112102
122011121
300020102
022121202
010120212
201122101
130002112
220131101
012231012
122011301
221030202
021231101
401012202
302021011
212021202
221020211
300203112
022113101
211122102
200312112
122011121
120230112
211031012
021240102
230011122
311011022
310113101
112110121
113012101
401011211
211112111
400122012
021111111
022121201
221011302
221020011
202111211
111221001
300021102
122031012
110312111
301001221
320031102
030121102
221021111
112121111
211122102
212031101
111213012
320022102
400105002
031121202
031013002
102230021
011321111
130010222
022102302
301012112
211111302
211111101
220112022
410021112
122012201
023011212
121131011
121141001
230011122
320031011
111231101
131011212
311030111
121113101
211011001
121011212
101004012
021231101
120221111
201240011
122021201
202111212
023011301
122021111
110320211
023022101
211011302
211111211
221012111
212012111
311011211
210202211
201112102
131020202
211101222
201222102
121121112
212031101
211010132
401023001
050030111
212020211
211120111
210212112
301002202
221001131
211130201
301102121
212032001
311021112
101321101
201212111
310011212
121122012
201230021
130130102
112012112
113041002
202111301
140002302
103131011
201120302
230012112
301022101
113021111
032011211
211122102
111230112
211122101
203012011
401014001
311022012
121101311
311031101
311032001
021222012
301121112
410031012
131022011
112140102
121002111
101011112
202111112
120213011
400121202
320021101
311012112
122011121
310121111
230023002
203012111
302002211
121113012
302010401
102021012
112120121
211112111
122031101
230011112
122021111
221021111
211111212
311030201
301003021
121121201
301121111
040121021
311011211
122010221
120211211
013021202
210111122
102202212
211030111
230013011
230012112
230012201
201112112
311013011
012212022
401021201
012140011
121141001
113031101
211031011
211130112
104012201
211131002
121102011
410023001
220021112
210222102
400101221
201211212
111221201
211111122
031120122
021211211
410011121
401011112
221004011
311050001
211102121
211121201
311010101
311021112
211121021
212013102
130122101
220022101
320002111
220101111
031131101
122002211
130122011
121131101
102212111
112121101
004020212
041011302
201121202
211130111
500021112
211101311
211122011
104011302
221012201
201212112
130113101
212022102
212010041
111112012
202040102
111131011
230040011
212010311
310121111
212010402
301032002
101320121
200220122
310130012
301102211
022110021
230031101
210011212
014011201
113012111
311032002
401022012
203022101
311022011
212020112
212012112
211102202
012111022
400122002
112122011
211130201
014023001
122012111
131010212
310121112
131031011
112021112
211130201
211121101
120202122
140020022
230012101
111011102
212021101
121122011
221010401
301112111
212012202
410021112
102121112
212011211
121130202
220113012
221011302
211111212
131023002
112131011
212021101
130111211
211103001
023011102
311001011
030221112
012111021
201222001
201105001
203022102
320030021
022102211
220122012
131041001
203032001
310112201
131012111
210212022
212041001
211132001
112121112
203031102
221012111
131020212
120230202
120222102
410012202
211112112
220113001
300121102
220121112
212021111
211103201
031111211
130130112
311020122
212011122
211132001
210223001
002332002
122030111
401022102
121111121
004130021
302012022
211122012
201240012
221011121
302040102
122012101
122030112
020222011
111222102
203011201
131012201
310102212
022120211
202111112
211120301
001323002
121102211
311022101
410021101
121101401
021001112
121130111
140021202
201113012
120021111
121120112
012122102
112010312
112112011
311021201
131011201
320022011
211011212
211102211
220131011
210211211
221014001
201222011
320021111
311022101
212022101
301110131
221010401
202112112
TS 1955580
TSW 1060785
TSL 894795
AS 212.655502
ASW 115.352871
ASL 97.302632
