121113101
211121112
311022102
131021202
212011211
131013011
021131102
221013011
010120001
121020002
311012022
104002301
112122012
410031102
013040012
104003201
140011212
122013012
031113002
311021102
210130202
320003011
211112112
221021112
032012112
111213101
500012021
211121111
400011211
112113011
320013011
302023001
112111202
131011201
113021022
031003202
013131101
122003202
022113101
112012112
113022101
211132001
220112012
211121012
320002201
131013101
031111121
122041001
220123002
302041001
410021022
131011121
211111101
200110111
220141002
311002301
020301312
121130012
130113101
211121011
210213002
212011122
004113002
021140102
212000412
410022101
320013101
120210302
211111121
120211121
210103201
230004012
112110212
121110121
110221202
005040101
302002211
022011022
103123001
211112022
401022102
300201131
220113101
013113101
311022102
311003111
131022011
121112111
202121111
320014002
410002011
202111211
302011212
203012112
121101202
221014002
112122101
211104101
122013102
122012101
230013001
102122102
220013012
212012202
221040101
130132001
121113012
320004101
210103202
211111121
120212112
202103202
140021201
220112202
121103022
320004101
211021202
212012201
121113102
121003202
021222101
030220211
210101211
310014002
111222012
140020302
111212111
130111122
140004101
131011211
302031012
130121021
121121202
103123001
121105001
130140101
113022101
212023001
230012112
111220011
041040102
111121102
310110311
122022102
203011122
400122101
302003111
301022002
103111121
050021202
131010311
121112021
021112101
202121112
210221202
210220211
401021112
101312111
300101312
311031101
021231012
040112112
111122102
012211011
302012112
031112111
202021111
210012112
220103022
131021111
221011301
112122101
032005002
203023002
041021112
112114001
101322102
022131102
220140001
131012202
302011302
203031101
041032002
021203102
212021101
301020211
211032002
122003201
221012111
112122102
121111211
221031101
113013101
201213102
111214002
211001121
220122011
311002111
031011211
140012101
212001301
220120302
230021101
130114002
230001211
013112022
014010212
112113012
301112111
300202111
220131102
202110131
220011101
012210111
221012201
310110311
221012201
121121201
131002121
122012101
301102212
121101311
131022012
300140001
110221112
221012112
131011201
030021201
111012202
104011011
221013011
111130112
320014002
050022101
140001201
230022102
113012201
212011111
210112111
110221022
200212001
021202302
311030112
121110111
130122011
122020122
211130201
121101312
302032001
221010312
221022102
130131011
311020202
111211302
230031012
122020301
220120302
311030001
210221202
104011302
410050001
221014001
202112112
111123002
131020122
032002202
211121111
013122102
100422102
122011302
021202201
111111202
112121101
211101311
301112101
130014002
111213012
110341002
310111302
021212201
111200311
102140012
111214001
040111212
131011111
122021001
110212111
122022102
122021202
311003112
023021101
112131101
410030111
201122102
112104001
220113102
101321201
121140012
202103112
130112201
041021111
221021201
320013012
131021112
320010401
200323002
201113102
230023001
121112111
030212102
401012201
220002121
301110222
310021111
320021111
211021102
022131012
103120121
121012111
211003101
211121201
221030112
310121202
221022102
111110202
320012202
032013011
113003112
120201402
203011211
050003202
121114001
130101311
211112202
121141002
111213101
301110302
121112111
032002302
031101402
120110312
311004011
230012201
302021112
122011212
122012011
113022101
301030112
121013012
311041001
410030112
311022011
140012112
113021201
013131012
320011111
221012102
220012112
221022012
221022101
212032001
121130012
221023002
211012201
131041001
201221202
221013011
111023002
311020301
211114002
211131101
221012202
320003201
113011302
221013101
302001311
112030101
031105002
030122102
211112202
301112112
410022101
050021111
023012202
211102301
320013102
131012102
201221102
111111122
302031102
121121111
211141001
111221022
121013012
121121021
210213102
211030101
401020212
121111301
210113002
320003022
130120302
122021012
310130102
140012201
220012102
311021201
111132001
111211211
230032002
302012202
121131012
031113101
130122101
221022101
221040102
122022001
220123001
311022101
021113011
122013101
211121201
112013102
212010222
212030101
121112112
130121111
230002301
201231101
013103112
111113102
111130111
111231012
211112202
040112021
310121112
102213101
212011021
121110311
121121111
103013012
211121101
120221012
130131002
013031102
131041001
131012112
212012111
121113102
311031101
230011302
410003111
220111302
130040011
212011211
221022102
122010311
211112202
211110402
111121112
230030112
310112111
311041001
211121102
230002212
004121202
022111122
311011212
212022012
002110111
104014001
212041002
401030111
023013102
112112201
110211302
130111301
211021111
121102212
102214001
110221111
131013102
140002102
013113012
230031101
221021112
311031102
121113102
102131011
113021201
401014002
111211212
220012112
300021202
131021201
211130201
021021001
112102211
202104102
320022101
131011301
112020212
211121201
050012201
021002111
211101222
122030022
230003201
121122012
410021111
112011111
230014002
121112112
014023002
113021111
311022101
120031012
111112111
301111212
040011112
410021201
212030112
300212112
230020211
121110311
211113011
112112112
230022101
221040101
110021012
230001221
121132001
014011121
210230111
220112112
221020211
102111101
211132002
202123002
032013101
202111302
140011002
201221111
311011301
112130022
013132002
112022102
130001121
230012111
130111301
013001201
220012022
022040012
212011211
221031012
131010311
112140101
012212102
121000501
311013001
211111212
111112102
211122102
032023002
410022001
302013101
220020212
311031011
131031101
221022001
021220211
121013002
113011121
121111122
211123001
131012202
201121111
121112201
221011121
320003101
103141002
103101221
310122101
032014002
020203102
113021021
311020212
220111121
103110031
110102202
111211121
140023001
211112112
202132002
220113101
221021112
230012112
130131102
211103111
112112111
311012111
040022102
311002302
121101132
032012112
111221201
202101402
112020101
202113101
111012112
320003112
102222101
111212002
122022101
012210222
311022012
201013012
050022102
111130102
410022101
032023001
311031102
040113011
212030112
220121202
102232002
013103101
030105001
031113011
121121202
221010211
221012201
230013011
004012101
210122102
130121201
032003202
220130201
221012021
310114001
120131011
050011211
111104012
410011212
230022011
120213101
320030202
201223001
012041001
212031011
031102212
130103011
140021022
310111111
121113011
032002201
220102111
040113001
022111212
031001112
050010131
220114001
130111212
121140101
311002201
112130112
310123001
311030021
022123001
202003021
301112111
110314001
221022101
221021111
211003102
210213001
221021111
022122001
211112021
140023001
111211201
211011121
130121202
211112021
140013102
401002101
104013101
202132002
211102301
410002301
032012021
211112011
032010121
023011202
221022101
221005002
030121021
112002211
021231102
120222011
032012112
122020202
041003021
211111101
230002212
112103021
220103201
121130201
221030202
032011111
021221001
211013011
202014001
104012201
130123001
212012111
410012202
104041002
050002211
120032002
230022011
021003022
410021111
310111212
122001121
311022011
201022101
211103111
122040101
120113102
122030111
140011112
310020201
112121112
121120302
112013001
131022101
201121201
112112101
113003202
111211121
032002302
230013102
121111011
202011301
112101222
014013011
104013012
121122012
311021011
230011302
121004101
122030112
310103112
031111121
230010222
112002102
120112022
113031101
211113101
220001312
311002201
112113102
111123001
310111201
040111121
131012111
221020111
211010301
311012011
112121102
212003021
221021202
122012022
131020111
131002212
031112022
121113101
121104101
320014002
111131012
310113012
212013102
310131102
201141002
211031102
011323001
320002021
121101222
022131101
112130112
202121022
130130101
202022012
310121202
200203201
310011202
120131102
211112112
111202021
212022102
212010111
103022102
210212111
302003111
022105001
112103111
302031101
032012021
032012202
012220021
310113102
202131102
023011302
201112112
212011201
103132002
131011201
112113101
111113012
104022101
121131101
212021202
110241002
120232001
400131012
221010401
121112101
130131102
220002302
220130202
121104101
102020111
022121021
320022102
121140011
300120211
230013012
131011301
112010211
014012111
202102211
302012021
130121201
320012201
410011301
211122102
022021111
311002211
201122012
220131102
212022011
121111301
211140011
032013102
112113002
121100231
310001221
311023001
211114001
111211212
103111011
300011212
120231102
301112202
122011202
120121202
041021111
201121011
220032002
121113101
013011101
400122101
221003202
212050001
400112021
130111301
112103201
221022011
112111111
121012022
121131101
200221202
112122102
220131102
121112112
300112202
113031101
113012011
120112111
220101132
203012021
111231002
131022011
212041002
121121112
101231102
140012022
031121202
212041002
310022001
230013102
113013012
210032001
410022102
120212102
012112001
301112111
210221201
140014001
120201212
140021011
113031101
131012112
300211301
111131002
031121112
121003102
122012102
212012202
230023002
032012111
022132002
121022101
102212202
031113101
211141001
130131011
310020001
311021112
310111111
113001221
121012112
201204011
121012202
310112021
300211301
201121111
020211202
110314001
212012112
121021101
310010301
122031101
212021201
012111301
121112112
022102301
212001221
021111202
320031101
202010202
102212111
122022102
221000412
311032001
201141002
202110011
100103101
131010121
121113002
401022011
220131012
230023001
212011301
212022102
121113012
220112201
103121202
103021101
311050001
221022012
212013102
202123002
112122102
130021201
013111302
120113102
220140102
201220021
121101222
021112202
111211112
113023002
212013101
311004102
202005001
221012202
122001222
121113011
311020302
122002211
211011212
212002111
310121011
211120211
131003112
121103101
112001111
212012202
131013011
500001132
112113102
121102212
300212112
111220122
121132002
101211112
102141002
122030112
112021202
050040011
021114002
113030001
112123002
220101221
121120212
230030111
120212202
111103201
211122101
310141002
211120211
210201111
122021202
121111111
130114002
112121102
212011112
311012012
212013011
211111111
112121102
211121201
211012022
230031101
121111212
040122101
013122101
112121201
011312201
140021021
013102122
210212111
022111101
220141001
211011112
022140011
220103201
212023002
210121101
220012111
111202211
101311011
112011111
311031102
130012201
220110312
012112022
102011201
104012022
301120211
131030111
211012102
211032001
311030201
101304101
122010132
211121201
202112201
202112111
211102112
130103022
121003112
111122102
121111302
211131012
111211121
103121202
112122102
031104012
040101221
110131011
410002001
120211111
320011211
211103111
020120012
310122001
113011301
211111301
111222012
211132001
011302032
210012202
102202111
211041002
121003022
230021202
031140011
031103202
220010222
110112202
202022102
121021112
212012201
011221102
111112201
112120112
111203111
104011212
212031102
030012101
112011122
121121111
013104012
111022002
311013102
041023001
023011121
122031102
121113102
210011301
211012111
220100131
111101211
111131012
121111302
110231102
211130111
221011201
121121202
022113101
401011121
030031101
003212201
220011101
041011301
121120212
120210312
031121111
131011211
130131102
230012111
121123002
111112202
221031102
121120121
311022101
211121011
113012202
121110312
140031012
122032002
212022101
212022001
013031102
122021111
202011201
212020302
130111111
032010221
121012012
230030111
111231101
212021202
102222101
400112112
121114002
113012112
211131001
130112201
112021201
320012202
012031102
300213102
121122011
320011211
120122102
121112011
112022012
121113012
201221111
400112101
002202102
122031011
112112022
120201122
112011101
211002032
140020212
320030112
130122102
102111212
032011111
112032001
111103112
131012111
103111302
311022011
320012111
211112112
111113101
131013101
230010121
110121201
140012112
220104101
113021111
211122101
211120302
121012112
121111211
301121102
112021111
111111212
040103111
211132001
111141001
203013102
031102122
221012201
111210311
013002211
401002202
120222101
201031102
122011201
111022002
130012112
221003021
130021111
203011201
131021202
131011302
112023002
120212202
400131102
130113012
131010402
211103202
032004011
121111211
310121111
121032002
113021202
311023002
301111212
121122102
311012201
140011111
320021101
210113002
220121011
121012202
212021111
311020211
130121112
211012111
023021202
202121112
130103112
131012202
320001311
131021112
301140101
220020201
020112112
131011201
130111201
221021101
121130112
031121112
220121112
220102031
211131101
230032001
104021022
211112112
212031101
022102212
300111022
112130112
014022011
210112111
310012202
111030202
021110312
103103111
221030111
001311211
101222102
302022011
110111101
121120111
211112112
031104001
003210211
122001121
130011111
113011021
300122102
011211121
102211011
230012022
311021201
030121021
212004101
310101311
220110312
311021021
211112101
202111021
031032002
221012012
113012202
111111101
220031001
203012112
212031101
100412201
211021102
211012112
211011121
130103202
121111101
103112101
212032002
020331102
122030012
022131012
221012112
131012021
401004012
301111032
021111122
021111212
221021201
201231011
130111122
131020201
211120201
311005001
122022002
121112202
221011122
131012111
220021022
200110112
121121201
220141002
320012201
040103201
311002011
310002112
111021111
211011111
013100321
210013012
201112112
131012112
022113012
113012112
130103101
122021112
140022101
120111002
121110312
220021102
103013102
110111202
003112112
221010211
220031102
310123001
212021112
101012011
211031001
112131101
211010301
230031101
211113101
221021201
130122012
203014002
013112112
310104011
122021111
111112101
131012201
121113102
131002111
012211032
022121202
410012101
121010312
211012102
121111121
131021021
030212112
103131102
021102211
211011201
120201211
211012012
004111111
121121022
310003201
230013012
220113101
230021012
103101312
112012102
103121112
212011211
111222102
311031102
302030111
311021011
302021101
131012112
122020201
131022012
113021011
110122102
221011122
122011202
112001401
211120021
030203202
131031102
111123002
121111212
112131102
030202301
211130201
113032002
230021111
410022102
211112202
202121111
211110312
220122102
140010312
121113102
130001401
023013012
311013102
130030112
111013011
211010132
111130202
113020212
212022011
221011201
112131102
130100221
300232001
230001221
201103112
021130112
113021022
410023002
210212101
111231101
022112102
301112201
012212102
112103202
211113012
021112112
111212202
211022002
032014001
122010221
310021202
212023002
012212021
202112021
200110101
120101112
121020022
111013001
311011102
131010221
212004102
111212202
050011211
030222011
211111202
121131101
211003002
220130011
121112202
120220121
201021112
211121111
311021011
220102212
122021111
112102012
201132002
122031002
221022101
121113011
120122012
122031102
211130112
101122002
111122102
211121002
022123001
021031012
201010212
031112202
121031001
012211212
022102302
113021022
031113012
320012202
113022102
102222011
311011121
500021112
131031011
220021102
210213101
010211212
400122012
112022101
211111302
211131101
220022012
301130112
021122012
311013101
211130101
111022102
410031101
032031102
111112012
220111302
112131102
121114002
410030101
022022002
320031011
221011112
310131101
203031011
220122002
121122102
013120101
221031102
102111211
212012201
131011211
130031101
220113101
212021111
202122101
112102211
121102201
130104101
301111302
220121201
120211211
212031102
310012011
221021111
020021202
021122001
220011101
211012112
041030201
022004012
221011031
131023001
311040102
021211201
102101222
131012111
311020302
221012202
212012011
022112111
121121201
230031101
120112112
121131001
202001111
021141001
400103112
022112201
111112111
111221202
220121111
140030201
202012012
111103112
221022101
211022102
220110302
131010311
122003112
013111212
230021112
022101222
221012111
112113012
230002302
220112111
320012101
212012111
121121201
202030111
300010312
021120212
120012202
221012111
221022101
120211111
022013102
301011211
032010222
112103022
013141001
112121111
210204101
211112112
220112202
122011212
221012202
022031001
112121112
302012112
202111211
111240102
131031102
011302111
120111302
121121102
130101221
310021101
311022101
121030201
111222012
113011201
112131011
112021111
221022001
130131011
311031001
120121112
031110301
113012111
131010222
021022011
220131102
120112011
301111302
121140101
311003112
122012111
131022102
300111201
311011211
122003201
221012112
030121111
112121111
201202212
111101202
131011031
220111201
131021201
122012011
300221202
221011122
120222012
211120211
121121202
112102112
032021202
230023002
111211121
121040002
203021111
122020212
211111122
210204012
031023002
211112111
140002301
221002301
210110212
111120211
500012112
200312112
103111021
103040002
104001211
111010222
030101312
121111101
220131102
130012111
202013101
211120302
102202122
210140101
130110131
021140012
103130202
131021202
401021022
211104012
104040002
310121112
023021001
121120012
113013011
202141001
120230011
230031101
220120111
211023001
311022102
031131012
301131011
201231012
212011301
230022001
202103102
131011301
130141001
121120301
111111201
210231001
130010122
202121202
211112112
220131001
011111122
110140102
012110311
120121202
310021202
212032002
302022101
120213002
011311011
211003111
211121112
103112201
401004101
221021112
221021112
121112112
113012112
320021022
131022102
311011301
212013101
310100321
301132001
131011121
202041001
221011201
301132002
101221101
211022102
401022101
302012022
221022102
131012201
211130101
320012201
230010301
220121101
202100312
120212111
111111122
112121011
022123001
121003202
203032002
212004011
112112111
210040101
221022102
131032002
212002211
111121201
121112112
111021202
110210211
113013101
221022011
031111122
211114002
121021111
110111111
203021111
110322101
122002112
301003102
221031101
410031102
301130112
203012101
104011211
400122012
121030111
121131102
130141002
121122002
301122102
311022002
131031101
102220211
022112112
320021202
131010221
230011211
032032001
131020212
102202211
112121101
310023001
230023001
320021012
032021201
121122102
410040101
310022002
211121111
012111101
410023001
120101401
311012111
021011001
211111211
113031012
221012111
130113012
320030112
300112202
230030011
111222012
121012201
113021201
210240012
121102211
221021021
121121111
311031101
212031011
212021012
031121111
031111211
140030111
130111121
211011122
031123001
122022101
120101401
110222101
500022101
122022012
013030012
221032001
320032002
210122102
122022011
212040011
301031101
041021112
221011101
211130201
320003202
112110401
122020111
131021201
140012111
122021111
121112202
400113101
221021201
122012202
301022011
310122101
102022102
300213101
230022101
131031101
220002212
031031011
122011112
140013001
112131102
211021012
121122101
212030201
111110302
310011202
210121011
400110201
221010311
201121021
030202301
401002202
221022001
212004102
122012202
311020121
032022101
202121202
221000401
301121201
041011302
112121111
221030001
121111121
121110132
320031101
320030012
041021201
022030112
221031002
310121011
211113011
212023002
202111011
011220302
210221022
131002121
221011302
202102212
121121002
032012201
122012201
220103202
120121002
221010312
121130011
031121112
040113102
111223001
031130101
500021112
221014001
130131102
103122001
211130111
220021202
212030112
200113102
202121111
101203102
400132002
203022012
310122102
401040011
122031102
040112112
202112202
112012202
112040101
032012101
201112111
210222102
121141001
210212111
221013101
121032002
121020121
212031102
212020121
221011211
310130101
131011121
102202122
100300502
112113012
500011211
211110131
200020212
202002021
131040102
220121101
122012201
210111301
211120122
212011111
131023001
041011212
230031101
122003112
301103112
220131001
022020211
121121101
013140101
211102122
112131102
121113012
320012102
300130111
202103101
201013102
211131011
211012101
020113001
022114001
210211021
201104011
210031101
212021111
120211011
112123002
121112201
410013102
111210121
112103202
103111021
012211112
211132002
022131011
120232002
030212202
220131102
210212112
021222011
112131102
220030002
113021201
211112112
030212202
320005002
121021111
121021112
301113001
111111201
130114001
302011122
211104101
210210401
400112202
130023002
022120212
111022011
202102211
120111112
101122012
301112102
320023002
130131012
131021201
120204101
212020111
310030202
221022101
131023001
022122102
310111211
221011112
311011301
211123001
212012202
111211301
221022101
122021101
112122102
031130202
320012101
301102212
031030202
122002301
022131102
121131102
302011111
230032001
211012101
122021202
320031002
230040002
220121021
500021112
210113102
041003112
121112021
320032002
300123001
212020302
212021112
111121201
220022101
130122011
121011302
211120212
131031001
040110221
104012202
221022102
230021202
103121111
211003022
301121011
111232001
311022012
221013102
230011212
121113001
040132002
102222101
102211212
210202211
104000221
130111121
121131101
122013011
410002111
210130102
221021011
031121022
112120211
022121202
311011111
211011101
220103101
221012102
020212021
120110211
211001211
202103202
301022101
121150002
400113011
230003111
320040001
121021112
220011212
112121111
130113101
022121101
221021021
012211211
302021111
112130022
131011212
022101021
131041001
210211302
130011121
220111302
011311122
202111121
121021102
110302031
202111301
113003022
311001121
301030011
220122101
121112112
112131101
022100321
022021202
210120202
131022101
112113102
410022001
311032001
110200411
211112101
211000101
302013101
013122011
211101311
102111211
021102211
220121202
032012111
200122102
140030021
212011212
202112112
121121202
120221011
031111302
212031101
221012111
130121022
041022012
014020021
221011201
121014002
022121201
220002121
021211032
211013012
100321202
021203102
130111302
122031011
031102211
122022101
121121101
112111212
320041001
011112112
120210402
122002111
120002112
040104101
212022101
122010131
130102301
131021101
202103111
023022012
102003101
131014001
320001402
131021111
230032001
112111012
131010221
220131001
221030111
031104102
201202302
104002301
211132001
410010401
112013102
400140102
221022101
112003101
230012111
103130102
011021011
221020202
022114001
111103002
022130201
021221021
311012112
302012112
121102301
201213102
121122101
302022012
120101311
121140011
121012002
300011202
220014002
401011211
211111201
130110211
001111212
131013002
311001111
121030112
211001212
211012202
121111201
400022102
120101311
122022102
230021111
040111212
120120211
221021111
012201301
320001311
121022011
221030202
122030112
221010402
112122102
120221112
302030102
211130012
211102301
122012202
220111021
013011112
022102301
211110311
121003202
032002121
112110031
221021201
211101312
210232001
112021022
320012202
111101111
023030112
113021112
121130102
221023001
120240102
103132001
110310401
103120112
410003111
112121022
121112201
202113102
320021011
040122012
230020121
320002211
121121001
301011011
140011111
121103201
401012112
122021021
031132002
121112112
031121111
112112201
310022012
310122012
311000502
130021202
202112201
311031101
013011202
400121111
221001211
221021202
111140101
030011121
012211202
131021202
110311102
041021201
212022012
102112202
121123002
211123001
040022012
221030111
131022101
220011122
111013102
040022102
212004011
230011121
211000301
140001312
121102301
113031011
300231102
230020121
002332002
211120202
220122102
320022102
112121021
201231101
221013101
050003202
221001131
121112201
121102202
121103101
221020211
121012112
221011211
031123002
301121112
220111201
012231102
211130112
111111121
201131101
400102302
041010201
310102201
110101222
112121101
112113102
220011211
140023002
112122101
210222101
203012202
310111302
112111211
221001312
320040101
310130112
112003001
122021112
320021111
202111122
201020212
401010312
013100322
003111302
003111111
112103021
102141001
130112202
032013012
211121202
112132002
021012202
130113011
023014002
210131101
122002032
121030101
230010201
211111301
131012111
112001312
211013101
210111001
031112012
221022101
031122101
310022001
220111301
103121111
040120202
013121201
021113102
040114001
121121112
122030111
032010311
002222001
220140101
121001111
310130201
311012202
311010211
221012111
023031011
202112112
102221101
220112111
111020012
121110121
211113102
211011011
121102212
220011111
302011211
121000501
220011111
020130112
230040002
311022102
131011302
211022011
021011212
012222101
121112111
410010311
005001201
031122102
022111112
220131012
221021112
211110212
121140102
210231102
211111301
220111301
112140102
121111211
202114001
121102301
120220201
140011211
211121201
210230112
311022102
121121111
210212101
022021112
221011111
104002211
112012112
013121201
031130011
212031002
131013012
003121201
022111301
131010101
210111122
311022011
122030112
210123001
212001311
300121111
212012102
401031012
211122102
121131011
122013101
111111301
221012021
131041002
300204012
220111302
230021111
210110222
410021112
121122012
212031012
020312112
140040102
131021202
122003102
221011121
201110312
013120301
023021012
113011121
113012112
021211212
111221021
211122012
212022011
310013102
202131001
310113101
221021201
112131011
221041002
121100321
111112011
011122102
311020121
230012101
130022102
311002212
022140002
122020211
121122101
311021112
210113102
200311111
211013011
220121111
401011121
050022011
211102121
122030102
301110221
122021202
100112002
040001222
220021201
121121201
112104101
221013011
221010221
013122101
021012111
102122012
120041001
113032001
121110302
211020121
111211201
131012112
211112002
401022101
121111212
012111111
220102211
212040101
211021011
202104101
014013101
301122101
210112111
131003111
111112112
112112112
221003202
220120201
230021111
401020201
311022102
230032002
113011212
301020212
220023002
320021112
221012011
130122101
401022001
122002212
130122101
320012202
212022011
120212022
301121112
113012111
310102212
212012011
111222101
230021112
011121202
122012201
111213102
401012101
041013102
221040011
220121202
220141001
221005001
130111121
211112112
112132001
211112201
041021202
410013012
311023001
202112201
111122101
131011121
131005002
301120012
410012201
230003021
221011201
111003021
120121201
221010222
210213101
202131101
201223001
130150001
311021101
011121101
100220102
121003112
220121112
131022012
022110311
311021112
202012111
221011201
211111212
230014001
014030201
112012111
211121111
220131101
121130201
121122011
112121112
320011211
040131101
031121201
022132002
121111211
301114001
112131001
121030011
040113001
210230112
301122101
310120302
301101302
121113101
023020301
401022011
320020301
410012202
131030112
211131102
113030102
021032001
220113012
021212111
131012002
031103021
320012112
202110311
121122101
111123001
112112112
212012112
212030011
220102202
113022011
022104101
121012201
221021112
311001221
211120101
311031002
221022012
050021111
300010112
230031102
211113101
121123002
121050001
013103111
050011211
230001401
112021101
112021112
320012112
101311121
301010111
140023002
320012111
121100101
220011112
311022011
030211301
121111121
111121111
120220212
030221111
050011212
130011202
140012112
200221201
122022012
230021201
112102121
110031001
221011201
103113012
140022011
301112202
131011121
112132002
102122102
121113101
032021112
311031011
210222012
401000402
212022102
120122001
122021201
301102212
203012002
220120121
311002112
130020201
211111211
230021112
211123001
212020212
211012011
400102122
410013011
032012112
022012102
210211301
041003001
022002011
012012011
220131101
113013001
212022102
320022011
203010131
112122101
220102212
211011211
131004002
122004012
211112112
131012011
041013011
201122002
310120212
500032002
310032002
230011111
302012201
211121201
221030111
101021202
120012001
031122102
021013102
211104001
121111121
013110212
112022102
311032002
112003201
120211212
121121101
221002202
022111301
010121022
022021202
221012111
121141001
021011302
401011111
230021201
121030201
220112112
301111101
211131012
221021202
212031101
212012201
211111111
311021112
211112202
021223001
220130202
221011112
320014001
012202031
210114001
121121112
320022102
301103011
221011211
023021202
012021102
220012202
230021111
221013101
120211201
004023002
002020201
220102302
221040102
301123002
012220211
130131102
220021111
211123002
021122102
121011212
220122011
122011021
131050001
230011302
121121201
041012101
210220201
112122012
121121202
120111122
400021201
103010031
011001202
130121112
103001202
211121111
103121022
211131101
221013101
031121202
131002211
410011122
131011202
113022102
121112111
130002011
230013101
311010122
112121201
311014002
300222001
022021102
211131012
112101221
212021111
121112202
212022012
410030022
310111212
122011211
031140012
211111301
311012201
121122102
022013101
221011122
023021111
212012111
030221111
140011021
211113101
121131102
122002112
040105001
121122012
122013101
101313101
212013012
111211212
121023002
211030112
121032001
320030112
221012201
210211212
131020211
111230111
111112112
122022102
210130112
212011211
100221012
102031102
004131012
212013102
410013011
220111302
201201311
103131101
131011202
110213011
210210031
130011302
111131011
102111202
130141001
103122102
302032002
220102202
320020201
221030112
040122102
220131102
130120212
300204012
120223001
310001401
211123001
112103111
120031011
320002111
102020112
012202021
130112102
311012101
221030111
302020301
102131102
113021201
012220212
301122012
410012111
410022012
212003112
112030111
202130111
112110312
401001221
111110042
120121101
210213101
320012201
113021111
130022102
111211201
121020111
112031011
130031102
131012021
301113102
221012111
220011112
202112112
210031012
012112101
130023001
211102121
212030111
032021111
401002212
011121102
131012111
121103201
031110311
210211121
021213011
220140101
210222012
030231012
003221111
220131102
130122011
221031011
110101202
023001311
103013101
130112002
111122101
230012111
031121111
211030011
031121101
113002211
311011211
311010211
121120212
211021201
120112102
202112201
210112201
113020211
111004102
410022102
221023002
103111302
120102211
203003111
111222012
220112201
201231012
201212112
041011301
211114002
121113101
311031102
212020112
130113101
112111302
122020212
110021002
013112111
300122012
103113012
202103201
210021202
121103201
310130022
311021202
031131101
120211211
022132002
120222101
121112202
202021112
211103202
212010222
220101222
012212202
121112021
131012021
220113011
220121201
023012022
311013101
220112101
102003111
113022101
211101211
300121102
100331102
210212112
021112111
031031102
300231001
311000311
103123001
210202212
121031012
220112202
310111122
130131012
131001401
320022101
140013101
130102301
310121111
211102112
110210132
211102122
301112021
310112011
301112201
022121102
112112101
230001121
021211022
131020212
121021202
311003021
112113101
320003022
211112111
311011212
131012112
230013011
211012111
121111212
011222011
220121002
202011012
102211121
101102211
103110202
410021111
031120302
221011201
201211122
140011022
211022102
041012001
202140102
311032001
121103022
130112111
111221101
031121201
113012111
030110022
131012201
121121102
031011122
021221112
100411202
212013102
122001311
230012202
104011122
301011012
111230111
211021101
131012011
221003201
032003021
211112102
211122101
211131102
140021111
212011201
220111211
020330111
202012111
301112111
202103112
030122101
111111212
122031102
131031102
311022101
220131002
220102121
221021201
032021111
221011211
010331102
301111101
211121201
220131012
131011121
201112022
221022102
220111111
041040001
122011212
021212112
202111211
101112011
103123001
130122011
130105002
041013011
120111121
122002011
220011112
120222102
121132002
101101312
211112102
212021111
131014001
111122102
221021112
201121112
220020101
121040101
050022102
302021201
310110121
320031101
221021022
022101401
102011101
301131011
122013101
120102211
011230102
050003111
202131102
122012112
212023001
230031002
220102001
212011211
021210302
202021101
111221111
210022101
400131001
212012102
121111212
050022101
012120202
100131002
410003102
130012111
112121111
131031001
121112111
221011121
032001111
221023002
220102301
320021112
111211121
300203022
111212021
302011201
210113011
211030112
040012111
121110222
202113011
111222101
103122012
320031012
120101301
032012202
122031101
112112112
022122001
121122101
104021112
122002122
103121111
401050001
320004012
200204102
310132002
310111212
014012202
310113102
112020211
012212011
122003021
040013011
111211121
221021001
211111211
311011211
102213011
212021112
103023001
131010222
022021021
211103202
121121112
120222101
041021111
221002212
230011211
211103201
220112022
211122102
111112112
212011212
102002031
020321111
131031101
003213101
203023002
130122101
131021101
320010111
311013012
112021112
211102111
201012011
121121111
004102211
120121111
211112112
020222101
212021022
320021201
101212112
310123001
122020212
210111012
211140102
230002211
102222102
302012112
201203202
220121201
221020302
230012112
111221202
012121011
140041002
041001311
311021021
102140012
121111212
301121022
111232002
310112112
031103111
120211122
122012201
031111211
112121011
112020302
021220122
121111111
201122012
210212112
131031102
130132002
221012021
212022101
220111301
211123001
040141001
012232002
220022102
220122101
131012112
212030112
122022101
120203111
211113102
022100411
311011112
212021112
211012111
220110131
122011112
122002021
302011111
311012112
221010221
320005002
103112202
230022102
221023002
212012021
211123001
311014001
211101222
221012111
111112112
410021202
011231102
221003111
211103111
031112201
112130112
211123002
211012202
211111212
021131012
023012021
021131102
311030112
111132001
201222102
112020212
041002212
230021112
011121111
120231102
130140101
121121111
102111102
101012202
122031011
112103202
113014001
210213102
112112111
310150002
320012111
031012112
211031012
040131101
103121112
112021111
221022102
210132002
320022012
120122001
122011212
122002121
320012111
311011111
111141002
021112011
022041001
103031002
301022001
301113012
101112112
121101111
122021201
112113101
022111122
032041002
112102211
221003201
201203011
131022101
212031101
112131001
102121101
111223002
202122002
023013001
201104012
140002111
320002212
230030111
111220211
110221102
310102122
211121101
013113012
101221202
120221111
202020212
111202111
130004102
022013011
202120121
211121112
130111212
122011211
220122101
210102122
211121111
220122101
122030201
113013102
320011121
121021012
300202121
030112102
013131012
310131011
310114001
013111022
111211121
040140011
122004101
112130021
211130202
122011201
131011111
023032001
112011202
101121001
210102022
220121112
110332002
202121201
221011102
130121111
121121022
320030202
202011111
220123002
210112021
311012112
410002212
121103022
030203111
221022011
212023002
111212102
140012012
112012111
103004012
221012101
111211111
113021102
221002201
211101222
120132001
112122101
041012101
300211302
221012101
311012202
201241002
230013102
130122011
112112101
400022102
022110111
311020202
130121201
021021202
311011302
310111211
230021202
221031102
201102211
021220122
301002211
221021202
032010221
211112101
013122011
302010011
023002211
500012112
121030111
211130111
310023001
221011211
140012201
122030112
111212112
302004101
320022012
200121202
002220211
212013101
320011102
121110402
311005001
310110221
400111302
101313012
311021021
121112112
122030201
200021112
221002201
111232002
212003111
203012021
021112111
102121101
031031001
130112022
120210221
211123002
121103202
210122011
310112102
031112111
131003111
112120101
121113102
031012011
320011301
131013102
120202302
031130201
201130112
131013012
122012201
111111101
202013012
130111211
131013012
112131001
221022101
211132001
121122101
320022101
302010302
013131102
212013102
401022102
311011212
050011211
131031012
131040102
122011211
121110401
311014001
130103202
121111101
211102211
210212101
220120021
112132001
121121001
111102022
140011212
300031101
122012021
113013101
211110211
112113012
221031011
131021202
112112202
220131102
202132001
311031012
221020301
400021202
121112101
300101112
020312201
113041002
112011211
320011302
311011121
112130201
202123001
130122001
041021112
311010221
030031011
212012012
230012201
212012202
011321112
320021112
131001311
012102122
221012111
230021202
211122011
410014002
211101301
211131001
210131102
113021202
130111122
230022101
112121011
041012111
230022101
050023001
120120301
410012111
301112112
130121201
121111301
200110312
021131102
310111121
121141001
221021021
130130202
041032001
221012111
112114002
113001402
111110111
301121021
310103201
131011122
113021112
320032002
002122001
221003112
211122102
221011201
112113001
112121112
203004102
111221202
201104001
220120302
220011211
221012112
320021112
031112112
130131011
120101122
112012111
211121102
230022101
301121111
102111212
011321202
211122002
212022102
221021202
301031012
400111121
140012112
230031102
113041002
221000311
121011211
212012202
210203201
211012101
301113101
022003202
202011201
121104001
032002111
311021011
320022101
031013101
022121022
212012112
211121112
112111101
002221112
122022101
121001111
211013012
112102212
122004001
210211212
221030202
220103021
320013101
031110401
041013001
041022101
122012111
120101312
112130111
201240102
221010311
140012102
320022012
103102111
020211301
122032001
122031101
212032001
122004101
230011212
311030111
211111202
220031002
220111201
131020022
022121201
032012202
012120302
131001401
013100221
121103021
400130201
221030112
040122101
102222101
102202211
031021202
122021011
121120202
130132001
021121011
020211201
005032002
112021112
021121101
320031101
211130112
140013102
021020211
112140102
220130111
012210312
311032002
130111301
211112202
301102302
102113102
211012001
211103111
111122012
110331012
220001222
310121112
230013012
310102202
013104101
211131012
011241001
202122101
220122011
210121111
121122101
202132002
400113011
013111212
211102301
041023001
300121201
121131002
211112112
211021112
212021112
021212112
302002211
102112011
212012112
111202212
010101211
202012112
230031011
211013102
022131102
102211112
110120101
230021001
131010302
211113102
032011212
310130101
032021111
400112112
212011111
130121202
050040101
120123002
030122012
102112201
320013102
211110132
202122101
041010211
121113101
320011121
212040101
110322012
210013101
140003202
130112112
013102122
022031102
203020211
211120121
112130111
031130011
120213101
121130111
121101301
410003112
311031102
121021201
203012111
012221011
131031011
210132001
102010221
020111002
031012101
140011122
212000501
202021022
031113012
122021201
220010212
211013102
131013102
121102302
040111301
220130112
211113012
120041002
041003112
221022011
210232001
210221011
500021111
040121112
140010221
111222011
120212102
211112102
220113012
111202212
031111302
212010211
320022102
112121111
220113002
310111032
110211201
212021021
111111102
311031102
130101222
202021112
212022101
220121202
112131001
302032001
111121202
211131101
211112111
113021112
122021111
211100321
111223002
202110131
112121111
031131001
320012111
400014002
121121111
221032002
211120122
311022101
221022101
221012111
212032001
131031101
311032001
300113011
111203111
310120302
302003202
310020112
212012112
310112201
202111211
212020301
011212112
203040102
211112111
202112201
221010222
122011021
221032001
221022102
111123001
111112112
230021111
121112202
022140102
320021021
211120011
111221202
130110311
121113101
211112101
102002212
113013011
121021112
011013012
311041001
110021001
200201302
113032001
022121111
320030201
122040011
023013002
200122102
311011211
400012012
113022101
100011212
111101222
210220201
111130201
211112111
112121111
210231102
131001222
211010211
102113102
122022012
210231102
032021112
220112111
020301211
131003112
032040101
140011112
301121201
211130201
140021111
103131011
210111112
201212112
310021112
031122101
211123002
121011112
210131011
211112111
031121201
112113011
302011211
113022011
221011301
310112112
220122102
113030012
310121022
302032001
121040012
211021201
201220122
121013101
311012111
230012202
201222101
122022011
122022101
301021112
130111212
122011121
110222012
310012102
103123001
221021112
311001211
301130202
112022001
230011302
121111212
220121111
301121102
111222101
211120302
121121112
311021111
140003201
122040011
110303112
103101312
221011212
220010201
120113012
122012111
032032001
022032001
012212101
131020111
122011211
212011121
320014001
400021111
212022102
221012112
112131101
130102202
401031001
311021012
113012021
100222012
301031012
221021102
221030111
112121012
031110132
221002102
400103112
203012201
130112111
220101301
311022101
221011211
212013001
131031011
121122011
112140102
122003112
203011122
130122011
121113011
111111202
120121101
022123001
121031002
401012112
113011301
211103111
023001311
212031011
410010312
122011202
301012202
311002211
121102212
040110221
122031102
211030201
112110312
122013102
212005002
221021111
220103201
102101222
120221111
210214002
112132001
200121102
211122101
201221112
130113102
202120111
103121111
031130201
101012112
121132001
012231102
211131101
221001132
121001401
211102301
121121101
201205002
001112202
311021202
112121102
030122101
112003111
122031001
104012111
022121202
131011211
301104012
320020301
320001402
131023002
410022012
111210111
230041001
400102121
410022102
022131102
030030202
031112201
021220201
102031101
122021112
111121201
130121202
130112002
140012201
221002212
122022011
130021202
021231011
012211302
211030111
211110221
400121201
220022012
221011301
120211301
212002212
310022101
221031001
221011111
140021112
310021201
102231011
221030101
130122012
112100211
211114002
401021102
121011212
211100232
040111211
311010121
131022102
230032001
302011031
102104002
130103012
410013102
041032001
003211121
041030202
311031102
311012202
122021111
122010222
011212112
320040101
121111212
121121202
113012012
040111302
211121201
211040012
131011212
112103202
101221112
120113012
212004102
130111101
220022101
012211301
211022101
112112001
113011301
211112011
210211301
131003202
122001312
122012111
112010311
500021021
140003111
302023002
131011212
220120112
230020201
211120201
121114001
221003101
320011112
410031011
012013012
410021201
200321021
130111301
221030112
400131101
211011212
211021021
211012112
212002301
221021201
320012202
221020212
122011301
121121112
221021111
320021202
013122012
221002302
202112011
211122102
320021021
021220201
302002001
401030201
400031102
211021112
022122011
400031102
031140101
131031001
202101222
121041001
311003011
302031012
310032001
121120111
112010401
131022011
311030202
041032002
102021202
013004011
230012002
211121111
210111202
103112101
010010002
022121112
210112202
220020022
122031101
121021101
202040101
301111301
120114001
120111201
111021202
220112011
110122002
121003202
400021112
121050001
012114001
112103111
131003111
220021112
202111011
210112001
220112101
401012201
230002211
113010221
022131012
021002102
311032002
310114001
410010401
023012202
130030112
221021002
220012001
022121021
221032002
122021112
040011201
121112112
122030201
112113011
031112022
221003202
140004102
121112102
110312201
202113012
202104101
310102212
041021111
220122101
320014001
212022101
230002121
032030112
410022102
102121201
130102212
220122011
101332001
130102201
112112201
320031101
112121111
111011201
110021112
032011021
310121202
112121112
212004012
300241001
221022102
203021112
500003112
210002212
121111302
021121112
122013102
211011111
041011301
013011111
311021101
113013102
111222012
202130111
400120001
013002112
211011121
022111111
201001202
130001011
110111211
221003001
004102012
212022011
200210101
211000001
111213102
210021002
202112202
110113011
022121201
011102201
121112111
112130002
121132002
111111121
030131102
203000311
200111102
211011301
302001111
203012111
131020112
022011112
102100302
121104101
131011112
130100212
110020202
111121022
021110312
320030012
212002111
131022012
013131011
311000312
121110301
211002021
131012201
111002111
012002111
122020011
112110212
221022102
121113001
121121112
121131011
121122011
131021111
121012012
211004012
120021102
210214002
211102111
111120001
230012022
121110101
002200101
300011202
000022002
041012111
112112111
221020202
201231101
113022102
310122011
032011211
121131102
401001222
103103022
211012112
131002211
113031012
014013001
301132002
221012001
212031102
201213101
131001302
202121022
300003112
210110221
320011211
220012111
221022011
211122102
140012011
121113101
211132001
102210402
131001302
110012112
022121022
230013011
211020211
131014001
310110121
122013101
211121111
211111202
041030202
401011201
112131101
302030101
202121012
121020201
200310222
310113102
311011102
130140012
131030011
230003111
112113101
020100221
040031102
211011212
111002101
130012202
121000121
310022101
012112001
001013102
121012202
012003102
112020011
110002202
102000101
120012102
111002012
022021011
120121102
022000001
220103101
211121021
311011122
302021111
311012111
111201401
013011122
221011301
300122101
220011301
121122102
401020111
131031101
032010132
221011212
113010212
131010301
211022102
120130011
012101211
202101111
210010301
201111001
221002212
410022011
101231102
201113012
130104001
013020011
203012201
401012101
113012011
112113012
013110021
111120211
111104001
111002111
102031002
101221202
300150001
400002001
022023002
302002122
210012002
310010201
011220011
300001201
101212101
101001202
111112102
000022102
110001201
000112002
001020102
101321011
310120031
410021021
041021011
103121112
202021201
113021201
112111212
220130101
221022102
210211211
220103011
111212112
302032001
131012112
122012022
032021112
102111031
121010221
230010311
121111301
140032002
023003011
311011111
211102112
500001301
130002302
121011211
131020121
100140102
200212002
121102212
121130012
111112202
110113011
100020102
221002101
120012012
110211022
112102101
110020002
201020002
201001001
101100112
020122102
001111101
211032002
220001001
310031002
111121001
111101101
030120001
110000102
200000212
001013002
220112111
021230202
122032001
031031011
122012012
032013101
111213002
230012021
221020202
210204012
211122011
121121012
101012012
211032002
012030102
112120011
031013101
211100001
021011101
220001001
111132001
302011302
112110002
102011201
302012011
210122102
211020111
302010201
112112111
230020112
320021112
230002301
211011112
210021112
221021101
120010101
401004102
320050001
022002012
112021012
111022001
100001112
100230112
400012001
021100412
211010011
000010102
000103001
221011021
111230001
230020302
302020122
221023001
112112202
211112201
121013101
121120121
211111111
220012021
311005002
022131101
101211211
031122012
131021111
112122012
302022101
032022102
002111211
121023002
131012202
000210102
122021111
120111021
110101001
000121012
110021102
021032002
311012101
113010111
000021002
001111201
100012101
110020102
110211002
320031011
000121102
211121101
310121001
030000101
130000001
130012012
221022102
021013102
112131002
410032002
020112101
210202021
032012001
010121112
021011112
101001202
101011001
010020002
111002022
030021112
210122001
011011102
500011001
011112112
201021111
111112101
310122102
111111201
300102202
101212102
211112011
121021112
101014001
310010212
120003101
010120112
021121001
020002001
121001011
301012112
100003002
011023002
120110001
121003001
210101011
120122101
211011112
022011001
011010222
021110212
010010001
310012111
130012202
111220211
220112112
211021002
103011101
131010211
300020102
120020211
022010211
400120112
311001101
130120011
310102011
110000502
010140002
211010201
211012102
211002101
110121002
040120111
131011011
121022002
101012012
130011101
020103001
020010101
041012112
122021022
212002202
210232002
320002301
011103101
201012011
111110201
013111111
001111202
000012102
211011012
012003022
301112001
202001021
112002001
111012202
101131102
000112102
110023002
111123002
122001201
121021001
121121202
310021011
211001212
301031102
201221101
013113102
121012102
022123002
021001101
111112111
120001202
111131012
211111001
101021002
031021021
014020122
201231001
221011301
112011101
220020201
220103011
210012102
311011101
032001101
011122001
000010022
120112002
121140011
112112101
110012012
111110021
112112011
200120102
410012111
201020101
201131102
040121102
110102011
050022011
102112022
400000212
121120101
040031001
031021111
011130101
030012012
120211201
212011001
001001102
212011101
012011302
031001111
011121012
131012011
030222101
121013102
101212001
310001131
120220011
311002212
211001001
221012011
041021111
001021102
032050002
102031011
130021112
031012112
120202302
401021101
103112101
221013102
310122011
311001111
220121201
011220112
220021112
210002102
211101312
300211302
113031012
201222102
210113011
121122001
101021012
221011011
211002011
011001212
220031101
202113101
111020202
030121102
320013101
121131001
201012101
130000211
320011101
212001031
320001111
112012112
311010211
311010221
120113102
011110201
014011202
001110202
121031102
101023002
120121001
013031012
210020012
202111111
201032002
020002032
012021002
110120001
002113012
111121202
202111101
202021012
000012002
220112011
110102111
220122101
130001111
301002001
104003101
200021102
120101202
011111112
121022012
040013012
121011111
300122001
112001111
210001012
111010101
122004012
121020122
121011111
022011211
130121111
121012012
130103102
130010021
111121112
030231101
122002112
020111112
210011001
230000011
120112002
221021021
320011021
202131001
310121012
040031101
020232002
202121001
311003101
122002301
120020212
202111011
101330111
023021002
004022102
212022001
101231012
201112202
021011022
031011111
320021112
021202001
111202111
311022102
121011001
112112201
401001101
020111202
112030001
010001001
021050002
103020011
020220112
211021022
120032002
112011022
110121021
011131102
500011001
130002001
200011102
100032002
131030101
211110011
220021012
101103102
111101121
002022002
221021101
211012102
211121112
210111111
020330012
210013102
210012011
311011212
221023001
030212112
310121111
210112112
211012202
121013002
031013012
212011021
201012002
401022012
300121111
211020112
121112022
401023002
310120111
121113002
311020201
202111112
120131002
140041001
400121111
120002212
220112201
110013102
202012012
220003002
111120011
211122011
013111011
100111212
201231002
221012101
200102002
012002022
112003202
040030022
121011301
001101011
030011212
311021111
310012101
203030101
211101402
111111302
110003012
202111111
120221112
200102302
111121001
212011021
400113011
122022001
210210111
210222001
211011101
102121101
202003112
211131102
112121001
221011112
011221101
311031002
200110302
500030002
202012002
211012001
103040102
131021111
011102002
012132002
211112012
002201312
031112201
202111101
230011201
301023002
121021011
111221111
022020012
101222102
013110011
022002111
320003201
030011021
301113102
101221012
021231011
111212111
102021001
311001101
112002122
301022102
230022012
122012101
122012202
210212011
110313012
221020201
122011101
111103101
121014001
112112102
202130101
113013012
221010201
300121111
130103202
121112112
120122002
311020101
320030011
122003112
410040011
121102021
211020112
211110111
012101212
320011211
310121012
021113012
210120022
220013102
212023001
023030201
032030101
202105001
131020201
021121112
012121021
400000312
131022101
200112102
021112112
131003102
301020111
121021012
022111101
202011101
012212201
320020112
130021111
030020122
111212011
110303201
220140102
230012102
111111302
003010212
310000312
023031102
130002202
311012011
100211302
102020122
111011202
111111112
021102211
122010121
210220122
001000202
212013102
220050001
010231011
021122102
021114002
030012202
212013011
212040001
122011301
111102301
121112202
400140102
300011011
122020201
220103112
131012021
121122101
121022102
221011302
120222012
112003001
121121201
130111202
211140011
230021101
230020211
301112101
013020032
230003201
220120301
120222101
211002101
013013012
211021102
120104012
310101201
202011101
011231101
101122001
311021202
121014002
401011212
121110221
041013102
221020101
212021201
031111022
221020212
211131101
021121202
211031101
230012201
121001221
210013002
221012201
041013102
202102301
122010312
201111011
131010011
121114001
022110221
221022102
113020201
211030202
220121201
104011111
022111302
021113001
021112102
311002111
211104101
122001222
120241001
201201121
310111201
112122011
221011201
111112111
311010121
221003111
201012112
131004011
130130101
210121011
211012112
300211122
111002201
103100222
221011112
211001312
000002001
000030112
212021101
111030202
310140011
220121021
121112012
221011122
030101311
211114001
230021112
221004012
020013102
013112012
101120011
120112011
230030202
120113002
122012101
210221201
111102122
311050002
211003011
210112112
122002302
221003111
310122101
021131102
102211111
211111201
113002212
121111211
211120211
121113002
110212111
101231102
120211201
012131002
121123001
040013012
121123002
220121201
221021111
110210311
201103202
220102111
211112202
211021101
211031012
211003112
012122101
121131102
221022101
130022102
210113102
121001112
120022102
202113002
211103202
112131101
111131101
112014002
131004101
031032001
410021022
311012202
050012111
130011011
211021101
014021111
120132002
121121022
201222012
201110222
112113101
041010401
210121001
220021112
211011121
201013102
013131011
212031102
005002121
112111211
041011121
121132002
140021111
121111111
230003111
012012002
013030101
301021112
310111301
221001222
011004002
301003112
011023002
221031001
311011021
131031011
212023001
121020111
121011302
210001121
101111001
112113101
121121101
210113001
021113012
210111011
221013002
210023002
021021201
130113011
030112112
102203202
401022102
200202201
121102021
212021201
121101302
201121112
122031101
112141002
221011021
032004011
004012202
111141002
131030011
112121111
221011001
040131011
031111212
111120121
221021112
031103111
410012001
022122012
020350001
040121112
110220111
004131101
012222102
032050001
320031002
311031102
203022011
220000231
221002211
203021111
410002111
111130202
212022011
211102112
032011111
221001211
201212012
202122102
221010211
121120101
221021112
211103022
112121021
122020122
020302211
111232002
140014002
113010211
221012112
121113011
401030112
201010212
131000221
221030012
022013101
040013001
210022102
212020301
212020201
220012112
112121102
311031011
111222001
300122001
310112101
021100402
122010111
201012112
012022102
310012101
122002302
401013102
211103112
310112021
221002201
301121202
221021112
022140002
104020201
210112112
300222101
113030202
221012112
201220001
130132001
131001401
113021111
210112002
400122012
122040102
010102122
211022102
310011212
011203101
111102302
211111011
121012011
212041001
121113011
220012112
113003101
120112202
111131002
211132001
020122012
211022001
000030102
211123001
400014002
040012112
202122011
410003201
211112112
112112111
131001402
310011211
030022102
310121201
121114001
202000302
203013101
121011112
211111211
203011121
211005002
410020112
211121001
130113012
310013101
022020212
122011122
211022102
120021102
111212101
121101211
003110121
121103201
103113012
112130101
121112011
220123002
220140102
140030101
113013011
121011201
012221001
120120112
230011212
112012111
050013011
221022012
140001401
200122012
310121112
220102012
013020301
002021102
112030022
140023002
050001112
122022101
023020211
130122002
021223001
311001121
211131102
212002121
220040012
023030201
211003011
221014001
030113101
220104102
410030011
021121012
230004012
013113011
211112102
211122101
221021111
401013001
021122011
140001222
110111302
302011111
210221201
120121112
021030101
104030112
012121201
211011112
032011001
201120212
230012011
032021111
121112111
300201311
021113102
121013001
101121112
211122001
120021022
410021111
211032002
220003112
211021112
013031102
013121112
301040011
111121112
401030112
202003112
010221102
110312111
113030011
130030021
221011011
300021001
221011122
221041001
021111022
104002201
113031101
120021001
120112012
112121112
220102301
221012102
320020301
112112112
401021001
101230001
041012202
202100132
050014002
320013101
122031101
120140102
212022011
120212001
121111111
202150001
112112101
130013102
203001312
212011021
111232001
131013101
122032001
221021202
121113011
211003111
201221202
220131011
131022011
212011111
301112202
130022102
013123001
131020302
013141001
221002122
120212201
041022101
001313102
111112111
110203111
211122102
111141002
401031002
302012202
211121021
130112201
121112011
212022101
220031001
211020112
301013102
210231101
140021101
120121101
202031002
111110101
131002121
311021111
320022001
032020302
220112202
121111301
112103102
131021011
201213001
201230011
221030012
130023001
220112101
301114002
221031012
112121111
032003202
131021202
111221101
211122011
122020031
020303201
230013101
221002202
220110211
041014002
121111101
400022102
010201212
121110302
212010011
220021111
122021011
031122101
131013012
121012111
212041001
112111212
212021202
111111302
302022011
021113001
202130022
130001211
212005001
113021022
121110402
120211031
112110201
112022012
311022011
102112101
111122001
311002201
111012012
310113102
221021021
202022102
111111302
212013102
130122101
202111211
140012112
022102202
221013101
112131012
212031101
201103001
310003201
021120012
131010311
122012021
112123001
122002201
140022101
211130011
210121011
111203111
130021112
310112201
050020211
003004001
301111211
210130101
050004101
122002211
121022101
400121201
112104101
221040101
211001212
202002202
500011021
310031001
212011111
012010101
140010031
121104012
220102211
320021202
311022101
021121101
211111211
211110221
311010011
111231002
013101302
031012112
201012012
131040012
121031012
111131101
410022012
211011211
203041001
111131102
221031102
110122001
302022101
221013001
120113101
111012202
031011211
203021011
220104012
401011011
021120202
012131101
113011201
201121202
230031001
401011101
032031101
210011021
300130112
302031101
040050002
011120212
212021101
220112011
301040002
310102212
102112111
221021011
301140101
131011122
101112112
211013011
013104012
221020202
310111211
131022011
121103112
041032001
211112202
311012112
211123002
111212001
221022012
220010311
140012111
121113011
220130201
210221112
011122011
121121202
103111121
311021201
210113012
201112201
211120211
021240011
310022011
301021202
320022012
301001302
211112012
113032001
230012201
130122102
320011212
032000502
021121002
110220302
200313001
201212101
311022001
410022101
221014002
211010211
210111111
212012111
121112201
131003011
211021112
121131011
040022001
311011211
140012111
112112112
201122102
130131012
111102301
041031011
302013101
130103112
212011121
120110122
230032002
112021001
021212112
310021012
140002211
212022101
211131011
041000202
212022001
012102212
221032001
500022102
120210212
210122101
230021012
230030101
221021101
220000311
121110031
130111122
400101211
211130101
400013012
212010011
120020201
112113001
220021001
101011202
112011202
112112111
113020212
131030112
122021112
311000051
500011211
101122102
410001121
211104101
212020122
013021202
120222102
102120102
121121102
021212111
220013102
022103012
022130112
311031101
011113002
221023002
311023001
131011212
111112112
210112202
201031101
202121202
122022102
200113102
041012111
130113011
300013102
300104102
130111202
212011302
021221202
102130112
221010221
203002212
121131101
010041002
211120121
201201312
101220112
031131102
202110401
201222002
100222102
110240001
111122102
320003101
200110211
300211122
201212201
221011301
140013102
500002212
221032001
221021202
131013102
102221111
212022101
212030021
400121201
211021112
113011101
230022101
122021111
211011122
122013012
121132002
110130002
410031012
112012202
203011021
201211111
041022011
230030101
131022011
121130001
121113011
112111211
112122011
021220111
310012201
111012022
130111111
211022002
131013011
112022012
112030202
130131002
111111012
021113012
121103112
122012111
113012111
103112112
111103112
221011201
220140012
210212102
022130202
103132001
311013102
210012012
211121111
320031101
211031101
121114002
022103201
230013101
311010312
221022011
140021111
220111212
031121202
211132001
102223002
211013101
202011212
212031101
320020211
121021111
310112202
300210211
311020121
131022102
300013101
211011301
113021202
101101312
220112111
103112112
311012112
112113102
221031012
211010121
121112102
012132002
102110212
410013002
122030112
220131102
121120202
302031101
302031101
221011211
211112202
211112011
230013012
112022012
211132001
220121111
111211121
221011102
112111202
320040102
221013001
301031102
104013002
221002101
210021202
031121111
220123002
122040001
212023001
110031102
112130102
111020202
300120101
112121112
022010221
041012111
121111121
320013012
311031012
220113011
210212201
210212101
111211112
110230202
103112201
310122012
131003022
112130112
220112112
230022102
030121112
102212112
021012002
111011301
040021201
210121201
311021111
031111111
031112101
310122002
013112011
210101011
121011031
311021201
220011122
320003202
202021111
112103202
400130021
320010402
221030022
113001221
022102212
131011212
203012112
111220111
121031001
212003101
211023002
110131012
050040102
220122101
301020112
212013011
120140102
131012201
220021111
021112102
220132001
220121111
320012202
013111111
401032001
112113011
212030021
111221112
310012012
131010301
310121102
102222102
113010132
121012202
202112111
200312112
211101401
400111212
040131002
220112101
202012202
311020121
201120122
320002032
112020211
220112112
212020211
010331011
310130012
311013001
013002212
102021101
212012101
112031102
022123002
212003202
020311301
201202201
311012112
022113101
110222102
112130201
130112102
111221202
102001122
212010111
221004102
410020121
221012112
302021111
121121021
112150001
311022012
202102121
121121101
311022101
112141002
320003112
221021101
320002211
310030202
111210221
200111212
111040012
104012101
040013012
201013102
121111001
021120122
121130111
121020101
310121011
211031012
122001312
300020112
021101212
111113012
121020212
050012102
050013011
131022012
130121112
121110132
212021201
212021111
014020301
131031102
031010311
030113101
032001311
310014002
200211201
211123002
401013012
111122102
212021101
230011021
301100221
110122002
011101211
212022011
221021021
311022102
112012112
310102111
210214001
022030111
220111122
050004011
121121112
041014002
212012101
220111211
301000212
140012201
201105001
121102211
212021112
221010211
112103011
221031012
112002112
201103112
131022102
110222102
202012021
121011112
101140101
041012102
021012102
410030011
011131012
112011122
100212102
002222102
140032002
221013002
220102201
111121101
131031101
311031012
111140011
122011122
112103202
301031102
211105002
410022002
211011112
022130112
311004011
220113001
111123002
112140001
310111121
121022012
221002211
032010041
120120302
311003012
102002302
310103112
200031012
310122012
014010401
104021201
310113102
111110111
002131102
310103011
120022011
211010022
200213102
201211301
112002101
030010101
111120122
121112202
121101311
022020122
311011212
220121202
130121021
122022101
122002122
013103201
121012201
500041002
120212022
121031101
311012202
211111201
210140101
221012101
100230201
140003111
220112102
212020211
140020211
113011121
121110311
022103202
012104102
041011101
020220112
030113102
111222101
041004101
011222012
112111121
410011302
050012111
220112112
112031002
220012202
031101131
220021012
101120102
311011121
212021111
010410021
032011201
221012111
220122102
230012112
030121201
131011112
221021111
112001021
320031101
401021202
121031101
203021111
122000412
131012201
121123001
112121201
203011211
122022101
220012112
050021111
121112201
131012202
311013002
130011212
030020201
103120011
121121101
131022012
032004102
221020021
120211001
211021111
103022102
121020111
131012102
111030101
122031011
112112111
122012101
113030101
211031011
211100311
121112112
031014001
101312201
230050002
011110112
023021202
220100322
140010312
211130201
130103112
220114001
320012011
311013101
121013102
121031001
211113011
113041002
130002201
121013012
310121001
130111101
310131102
112111201
201020001
401040102
220012012
401011111
111041002
111113002
120121101
120112001
040123001
201021101
112131101
022111032
102231102
201222011
031111121
122021011
220010211
310011212
310131002
022112111
212002211
211121202
112120211
220122011
131031001
311022011
014012111
120114002
311011201
320011112
230022102
112022102
300122102
400110221
130120121
120112112
112111301
122021201
031122101
131002021
120210222
121110222
121112111
211121111
211112201
202111032
041012202
102000212
211022101
320012112
310111301
400112112
120010122
130011112
211012101
110203202
211122101
122022012
112102202
211114002
202111101
120241001
300020102
041013102
120113102
112021012
201012102
212003021
131031101
210222101
122001222
111113012
112104101
310011212
113022001
111250001
311023002
120110021
130012202
220122001
302012201
211002111
221001222
221023001
220114001
112140102
130114001
211031102
210113102
032011031
310010111
031104012
401011001
013012202
112012101
212030011
111030011
211140101
131012101
300122012
040104102
012221011
041010401
211001122
221012021
200103002
300221202
221011202
131030202
400114002
021213012
212021111
202011112
200331101
022104101
320003201
221004011
410040101
101210111
022020212
140012202
211103202
310132002
210204102
300011121
103121111
210211212
110213102
122011211
130131011
032001301
211122012
130111211
221020112
004121201
131011211
121113012
111202122
311003112
211121112
120213012
202110301
121110211
112114002
301022012
111001211
121122001
221021101
202141002
010432001
320012111
112031012
101221102
120111122
111111101
013021101
311001212
041011201
050040011
202031102
221001211
031102011
400022001
401041001
104011212
211112102
311012202
031122001
210112002
220122101
020330111
130110211
112130111
112120212
113001212
201202121
130003112
102113101
111011101
121110301
121021101
112110401
221020021
140031011
023003202
111112101
203031102
021130112
202130202
201112112
012111212
022012201
211102212
211121101
201203111
031112111
211120302
310121111
050022102
112122102
122011201
202113012
401002122
131030101
300212201
310121101
130122102
113021112
111120211
031010221
111130202
302031001
021120021
301022002
200212112
110331102
112012112
211140011
131003022
230022102
050002111
130011211
131002201
230011212
022112202
220130201
120120011
131030202
131021111
121121111
210113101
032011111
220014001
111122102
401022102
130111032
311022102
202130101
311030022
030120121
111111011
211121112
121013102
122021101
201031011
221003112
211105002
111212112
210112112
500020211
130113102
121111202
121112021
401022102
011230101
111202102
410012111
120112012
031122002
211111102
111212202
500010222
131001401
013021011
211112111
221022101
220103111
211121021
130130001
023000201
102112101
200312102
112131101
211120301
310003202
111102102
012121202
112113102
201213011
120221101
220111011
212011212
122013101
032000321
221002111
112012111
211011302
110103012
201011102
100000111
032023001
320050002
212012021
220122011
220112202
112113101
013121111
221032001
122021201
221040011
210222012
201213102
140030111
230022102
211120211
202111112
121011121
210121202
022121202
112013101
050004101
320004001
112105001
014021111
311041001
112111211
140011112
311004011
131001121
111121022
020110312
130121011
112121202
112021102
203021101
130001112
121001021
102221111
121113102
211120212
131020122
212021011
211102012
112031002
220031101
211011301
031122101
100302212
211121111
220111211
121121112
211113011
112114001
121111122
111131012
210241002
202112112
023011201
311002101
301021202
210031012
030114002
020121022
121111111
201010222
211100011
112111211
121012112
121111111
103120302
302031012
050012201
032012111
320030101
131021112
302022012
005011211
131031012
230012101
032021011
023013012
221011111
022111022
211031001
111204101
121132001
130122101
021021102
320000011
220031011
121041002
211102111
003112201
210113012
212001302
111201221
401010211
301022001
211101201
111112112
302013002
311022101
130123001
212011212
031140001
401012112
230022101
311022102
121101021
104011211
221031102
120112101
131002201
111111212
202111302
200222012
140021101
022101311
211102202
101002111
011220302
210210401
230013002
302022101
311023001
211122102
310021022
031130112
311021112
130021201
211103201
320021201
212020121
212030112
111013012
112130001
311011212
202122012
221031102
211120212
041011212
120002212
320003112
201121022
121130101
013103101
122031102
122012202
103013001
211140101
211122102
220012112
311022102
220102011
113021101
212004101
021211011
102221201
113020101
112012112
202103202
220100501
212022012
211102011
013041001
211121001
111121012
130113001
211141002
112140012
130022012
130050002
130103112
112112101
221003101
102101311
130121101
102122101
122022102
031111011
401021022
221013102
310102111
211111301
210120301
211122102
221001311
301020302
122032001
140003101
121110001
013022102
032004001
023012021
212011212
221020211
221011212
022111212
031121111
211103101
112131012
212000412
121130202
130140101
211003011
030021112
111112111
111010011
203002111
013102211
202030201
111210222
040121101
203002111
111231001
122012202
211021202
120120121
104010302
003030012
302031101
110122002
131003111
112102112
212030202
111231101
211130201
302020202
122001211
203021112
221013011
211130112
301002121
310002201
311031001
013011011
210020212
220012111
311031102
112021011
121111201
121022002
301031102
112121021
021021112
112102011
122004102
302040012
230000412
122021112
311011001
122022101
221022101
014011211
320040011
210140101
120113102
112112022
320011101
041011301
041021112
400141002
221020102
211122002
201222001
400122002
122021101
121041002
310122102
211111112
110302021
410012101
102121101
102130201
121011111
120014002
122031001
221003101
131031101
212011021
320031001
103011211
201110312
121102212
202121202
112113102
200112022
112132001
210112201
311013012
014013012
122001111
302013101
122041001
121021022
130123001
410013102
211113001
113020121
120213101
211011212
311013102
120112112
410022101
301140001
211111102
301011301
310113102
310011211
032012112
311021201
122012022
031112201
004111212
203002102
202111201
113041001
111212202
121121112
211112202
031021011
112111101
211121111
121131102
110030201
102112202
131030102
121121101
301011201
112113102
320002201
202011211
130111212
111222012
121121111
301012201
301131101
210221201
210104012
112121111
111210221
122022101
112131101
320013011
112130111
131031101
311021021
030112112
022020212
211102101
210112111
211032002
011221101
221012102
211104101
211004011
121111212
320031102
211013101
320020111
211012101
121021202
221031001
013031101
111121111
211021102
212030201
310121101
001012202
021011102
103030001
031010021
121131012
140021111
202131012
013132002
220112201
111040011
301132001
201121102
211111112
101002112
140021111
102201201
021130112
121022011
212010311
102230112
221021111
022111021
112112022
210122011
002113102
120121011
021132001
210211111
031112202
202121011
113031101
310112202
211131102
011320031
221013012
040011211
121122001
211104101
211113012
130111121
122041002
122012021
130110312
111131011
401021201
112023002
201120201
112022012
212021022
013102212
131011111
211001001
030120212
302040012
014023001
032001201
211111212
311014002
230004102
104023001
302010311
111123002
032023001
221012011
400122102
041013102
210114002
221001222
210230201
220101011
131021202
121112112
031102201
103011112
230022101
010320212
211121201
112011112
200222102
122022102
221021101
131021202
211130201
220103011
122020022
310121201
131022101
111111011
112122101
112040012
050003001
221022102
311021012
112010311
103111111
311013101
302011121
221005002
131010111
122030202
220011202
111122101
400011001
041001312
122013011
011031001
202122101
131032001
220012201
221023002
220141001
140002302
221002202
031111111
212011111
113010311
131040102
112102212
112111212
310101202
230002302
211121202
302031011
131014002
301012112
311021112
004010222
220113102
041022102
202121111
100212202
301022101
103122101
121001401
210020202
032011301
220020301
130021011
230011301
101204012
202131102
310121112
022021102
230022101
211114001
311001312
200204002
211141002
121013012
221021021
012231102
111202021
013011112
230021101
201041002
011112002
202121111
031121201
050031101
103113102
122023002
030111301
111130112
202050002
401020212
310130201
131021202
310021102
121131001
311030202
210131101
311023001
111112201
320031012
003130102
301132002
220011211
410001221
131002001
122013002
032032001
131041001
211112111
121132001
310112022
211012202
300020302
120011112
221010121
301104002
111102212
013121101
302031001
122011011
130122101
110100201
101202032
013121011
211121111
230004001
131032002
013031101
131011101
220130101
120121001
302031102
121021102
021100301
102001121
122011102
020131001
122021102
021013102
400120301
111030102
311002211
022032001
121021112
122022101
140022001
130002121
120130011
021220112
400020212
131022102
220021102
211031102
300030201
301113002
131022001
131031101
212013011
122002211
131010302
220121201
220121112
140001311
022131012
211111211
230013101
113013102
211131001
140022012
112111111
210221111
031003201
112120122
210132002
012230112
003111212
221012201
320012201
111221112
121012111
220101311
210222101
111113101
301111121
320021112
140022101
113030111
121113012
122021011
211101131
112012112
211022102
311010112
022121011
041012111
221022001
202121202
113022001
220111011
201231012
301121111
112121201
111020111
023020212
005001121
031130012
311011102
140002202
040132002
121112001
122001301
111011122
041012111
221011111
320013001
020111102
121003101
040030021
103021112
201212022
300012202
120241002
011221112
131021011
031121111
022122101
012122001
120020112
011100011
311032001
102221112
302020121
122031101
111212001
112122102
221022011
310021011
103012101
202121011
111004002
320002301
121012112
220103111
211003111
110102211
031004102
203013101
120121112
211120111
211112111
130112111
130112201
211112111
211021112
210222011
020131102
131011121
202013102
120012202
121141001
220011021
112010212
121140102
230010311
112123001
211021202
023013002
140021101
410013101
021113002
201122101
311020212
301105002
130002211
221012201
410031102
013112021
022013002
300211121
122021111
113012202
121012012
102211101
202131101
021022012
121112111
021012101
130110401
111250001
130131001
211123001
212003021
202104101
121121202
310121101
220103111
001103112
112121111
021100411
101122102
211012112
050030112
211013102
201130011
120011031
023040101
211112201
020122012
122032001
110003102
101110311
212012011
014041001
131003001
210000232
220103111
210020302
110321112
022122101
011203202
320012202
031113101
221012012
022113002
203012112
211013102
032022012
130121112
210211111
022112111
021211212
121022012
220120211
230022011
013031012
121121201
211111301
220050002
310121202
023012022
040113001
220102122
212031101
120110211
202122011
212004001
121023001
201122102
221011211
120231001
310021101
110240001
101312111
211120211
032011212
120232002
140001311
121132001
014020111
210123002
040121111
310122101
130122101
103121201
014002112
320023002
011322102
301100321
121002302
210011211
004121201
220112022
210111112
023014002
111230112
021112011
020211201
230000121
310101211
211011301
320004011
221012111
131001101
121031102
010222102
202012112
301014002
113013012
201101102
032012101
220101301
022131102
111111011
211132001
221011201
130001011
111121101
121111211
140005001
130020011
102120102
121012111
221031102
230003111
010121112
221012201
200111202
220022101
202111101
400010021
211020201
320040001
211111301
101213012
031122001
110221101
221022012
220021111
311001312
311030101
210002111
031121201
310112102
220104102
041001301
131013012
310101222
311023002
211120211
220122102
130120301
140021021
130111211
202113011
012040101
220114001
310003201
320012111
201120111
014013012
020202112
211130111
013021112
310102212
031120212
311002122
111120202
121121201
140023001
300231102
131031011
121130111
310022012
201210402
112020212
401011212
041022012
221021111
230020302
140013012
110212202
031123002
112011211
102012022
041021112
121012201
112122101
300221102
221012111
210132002
221011012
212012011
203030112
210041001
021013102
031121112
410031102
020312112
102231011
220122102
022121011
210023001
212031102
400104102
122031011
202003101
121111302
121001211
111210121
220010211
130131001
311021102
131011021
210111212
301130101
032013101
031020122
111111202
220012202
220012202
210112112
112013102
212021101
202003112
211121111
301112111
221031012
310011111
221030101
121021112
311030111
310112111
111220212
030113002
310121101
210011022
310101111
120110222
202103021
220102101
111030001
111120302
112030011
130103012
113001221
102211302
220111301
203022101
220121111
220120111
012212202
211031101
221022011
221022012
211103011
221013102
111212021
121011301
311021111
103120212
110232002
140041001
221011112
211140102
202111211
140020121
102231102
121021102
121120111
301111121
022120122
301131011
113011111
101100122
112012021
220113101
310004102
221012001
103122101
120221101
210212112
310122012
310013102
101232002
500002212
122002211
310141001
311021112
121021201
211041001
014001301
410020011
211140011
302030102
121121201
021111212
310012101
202130202
121113012
210222012
210212112
212012112
130122102
211112111
311031101
302011301
131030112
012122101
230011101
112120212
111111001
111113101
210203011
211112011
112120121
302013011
112031102
211004102
140021111
121103001
203023001
300112001
121012112
030200112
201011012
211110211
030111212
401013101
121112101
310110311
310111211
111121111
220020212
121131101
221012101
220032001
040121112
122022101
320010112
302002201
121022102
130011301
130120121
211121111
220012101
211121201
023010312
122012112
121112002
212021201
410012112
121111122
211121112
121112202
110311212
211121201
131040102
220021012
003101311
131022102
221020211
230012201
131000311
220021202
320011121
101210212
410013011
131012001
212030112
210221102
221011302
201022102
320021112
221021011
201111202
111122002
210122102
111230101
001023002
030112112
111031011
302012201
301131012
112003011
040022001
212011302
210121112
041023002
212011211
102111211
202023002
320021111
121012012
201104012
211121201
101205001
121120211
131020102
221030102
201003012
311031011
210212101
131010312
112112101
221021012
122022102
211150002
311021021
221021112
121112202
202140101
131013101
002340011
212021202
211103202
301121102
212010122
121012021
011212101
221050002
032012021
210120101
111111201
221012011
112021111
131021202
202111101
021102111
121021102
050012111
113005002
111130101
220011111
131004102
111230012
111112012
311011202
221004101
212021202
121121201
140021112
012020111
212031102
201022002
111221111
112112111
130103112
220141002
040102301
220010221
310113101
112121201
130103111
320021112
121141002
023021011
102111122
201121112
211110222
011012112
220121111
220111111
211101121
014021011
131011212
210122102
023022102
300111122
011110222
220102122
122002102
211122102
311012112
131011301
120203202
121000412
022011212
130112021
212001131
210231012
212021012
120213101
212030202
320022101
230011121
122022012
113011112
211021011
320011121
320011212
140022101
030222101
302014001
122012201
221003201
221031101
121021012
121002211
311031101
111012112
112141001
210204102
110111101
221012112
221010021
220013102
302012101
230013102
031020122
112121021
110213102
110211111
121110211
212030101
311012112
211022011
131011301
121023001
021241002
311012111
112132002
211120212
050032002
230023001
211111122
131020212
031121112
121030111
220013011
211122101
302012201
021221111
121113102
121022102
122002211
211101312
031110222
320030101
121110031
103022011
022110312
050021112
031022001
230011102
130111201
031020001
112011302
320002112
131011111
210212021
221023002
131041002
120221112
401022101
121112102
202102122
140013011
001111102
310121111
221023001
111013011
103023002
212010311
203022101
111211121
120210312
220130112
211111211
104011021
410022101
122031011
041021111
311032002
121113101
013122002
221022012
200201222
201241002
120120112
031020211
021123002
102021201
311001111
301021112
120222102
013103112
120202301
111121111
302002301
300213012
023011202
210111122
112001301
301012112
311011121
301140101
221032001
140001102
203031011
113021022
320010201
004150002
140013101
203022101
212013101
220100011
112120201
201120122
030221112
311010211
022101032
140012111
301121101
212010211
210202212
121002021
211111201
211112112
122020121
121121201
310120021
021231011
211131102
031121111
400112112
211011202
111222102
130120031
131023001
130113012
121121201
112123002
210211021
211113101
031113011
130121201
320041002
112121201
210012011
400012112
102230112
202000022
112131011
220012021
230003021
022001301
130122011
131021001
201122011
100221022
311031011
202021112
122010311
021131102
050022101
130122011
302012011
200012202
111220011
302030111
301121011
130122012
122011211
111101312
131014001
130012022
122013102
112130111
113001221
221021112
121040001
112102101
022140102
310112202
220121201
211012001
103121112
400123001
022020212
211011112
031113102
300223001
220112112
311012101
022140101
040121111
111140001
211030111
210211202
221012202
122032001
031120121
320021201
210010312
122014001
221013011
013113012
311012022
121013001
211130112
021122102
022022012
121113101
030112112
130122101
311011201
112112021
122020101
310003112
012123002
120122101
211105001
230003012
103002101
211113101
030013102
101112112
301101311
311022102
220123001
022001111
012201011
131011101
030113101
012121201
120121011
130020202
211111101
122003102
300214002
023020202
211131101
021113101
040102111
031111202
112011111
121111302
103111212
121121001
131032001
221012202
211121112
221012112
122011201
200011202
112012102
212041001
500031002
122012102
021021102
112013101
120002012
012131101
111111302
200111212
202102001
030003102
121101222
221012201
211130112
130114001
301021101
301112202
112122101
211121102
212031102
202111211
112032002
012122101
230012202
210221111
121131102
203013102
122040101
230003111
221040001
201121112
221003101
221021111
221021111
221001402
121121012
211121201
212012101
203023002
410012011
212020301
021202212
311011032
301012112
302012111
302002121
022121111
013105001
310102211
112102212
211110312
111231101
103020101
401032001
120221101
120120021
041030102
211131101
122022101
023023002
122003112
210122002
221001111
301031012
301112202
011321111
221023001
202121201
131001111
031103112
021011111
130120111
311012201
210101222
121102111
022103201
311001211
121113012
211111112
210211121
500012021
122013102
220140102
230021022
120230202
031050002
211110401
110201111
202105001
203004102
022040011
302002111
130101212
121101221
211112101
221012112
230012101
112130021
310001222
121121101
041022011
122031102
130112021
121011201
311012102
121120302
022102121
020010021
121021022
221021101
020121002
113002111
130021202
230001212
220022102
211122001
011203112
310101301
122012101
130111212
030102111
310102011
201021201
110312011
211021011
041012101
121111212
210231101
203010221
230040102
301101301
120121202
121001131
220003201
031130111
201112111
040112201
220122011
220011122
120121101
140041001
030212201
120101211
300121101
130003112
210011112
002323002
031010102
004104101
211123001
121103201
131010221
212012112
001421202
102120111
131032001
203022011
112121012
401011301
221021112
023040101
113002111
101202022
041030202
122032001
210121112
112121101
041011121
410011122
022010211
201122101
220112112
302004011
320021101
005013101
020330021
221011201
003221111
301010022
121111212
121121202
301031012
111130001
211121001
203012201
202122001
030130101
012240102
121112112
121022101
112120211
310012112
112103111
201131001
012121111
320013011
011123002
031123002
401031101
311031101
131002011
032013102
210220211
202112201
001402212
112113012
122011122
212013102
301102101
131003102
031130012
031011212
012230001
121113001
140012012
113021112
111211122
031122102
211102111
131031101
120121011
201112102
220011021
111112202
101140012
202130112
122003111
212012202
212014002
210141002
500014002
212022102
212012201
221021201
212003112
120112111
311012201
121123001
032023002
121121111
121102031
113012011
112102111
401021201
112121112
210211301
031012202
211010131
113030111
311013102
111130011
230021111
301003111
311021102
112013102
221022012
113031101
230031101
111121202
202112101
202120211
311002021
032011111
021020121
110222011
101311201
230022102
310101401
211111012
212021101
040022102
111012022
031001121
140011032
212013102
301131102
103114002
121112101
022023001
301111302
131032002
311021111
212031101
014012111
111211102
202003201
112102001
013011111
211112111
212013011
300221112
120021001
041012111
320022102
104023002
410003102
022011212
121011211
311031001
121004101
111122011
140011212
113002001
111221202
032011212
212032001
221050001
210022102
210111201
310011111
122012201
211012022
111120212
203011212
023030021
410031012
102012111
001121112
131000311
110220212
311000311
410011212
220011211
300102211
220011101
120210121
211021101
120204102
130110312
131020211
301021111
121121112
121113012
211113011
012204101
120222012
110302212
013121201
220122101
212030112
021111202
112101211
012122012
210222102
112132002
211121201
011302301
110121022
301023002
102231102
013101311
032021112
140010301
121120211
211011111
121130111
130002201
311004102
311021102
112121001
210221102
110102302
310132001
112132001
111221202
121112102
221011202
211141001
310011011
131013012
041030021
302010111
102111211
212003021
101211022
311021112
121111011
311023001
032020111
122031101
014040101
120111302
122011201
112110312
230020212
041021001
310021202
400121202
311041002
021012001
301122101
022122102
110113101
121122101
211121111
401020301
211121101
131013102
131031102
131001201
130010221
211021012
300003011
040020211
221011021
103001212
220112102
021121011
102011101
210202121
212003111
022131001
021010302
130112202
212022011
130121202
112121101
032021101
100122102
011122002
210111301
012121102
400031102
113002121
112010121
211103001
112010031
211102031
201113102
201001102
011331012
310130111
210012112
221011112
211121112
021211111
410011111
050002211
032021111
121112111
211112112
112112022
112111211
031111121
102203012
111111122
100122002
111121202
121002032
101012202
121101402
012121202
013001201
301111001
101023002
130011021
211001301
401002111
110011202
110323001
113021202
032002301
120110312
130130112
121113011
040012021
131040011
220122012
212000411
041012021
110101212
301111022
221021112
112112112
301023002
111022002
400022001
202110402
002232002
500031101
310040012
122022102
021220211
311011302
031131101
202112022
302010301
131004002
320040001
212011122
400112111
300211122
220110302
201111212
011031012
320010311
121012102
500011202
130112202
120002102
221011111
100013102
230011102
211020001
111011212
021230001
320010101
121002111
200201111
113012011
212010211
211001022
020221112
311001301
111221102
230002021
121122101
211111101
120112012
032020021
201022012
210121011
121030021
310021022
212010312
212021101
212021101
311001121
131013101
400114002
120102201
301002212
121112112
102212112
311012111
111121102
212021201
111001212
122022102
311031012
320004102
121111111
031141001
121102121
031021112
211103111
113004011
023021202
131003112
220130101
012112001
050002301
120131012
111112101
121012001
112140012
120213011
203022012
004102022
212050002
221022102
121021202
301102112
211122011
112120212
221014002
221013001
230013101
111022012
210121012
410020212
311011101
122022102
311021022
121110121
140022102
121131101
211112111
212012011
131010041
220114002
030113102
012202122
220123002
131031102
022102111
101121102
013023001
212012201
120121201
131031012
031011201
113020101
311021201
211011122
122012011
201113012
111012112
022112111
210222102
013012112
400001212
031103201
103111211
020211212
221013101
320011302
112121201
320020212
112111032
031123001
221020111
111213101
122031002
221021112
031130001
103130111
220121202
130032002
131003111
041001111
102121202
230011212
200130201
101331011
130113102
400103202
010020302
110011111
210202111
122012112
230011111
210112112
211123001
401023002
220121111
211103112
103113102
131031102
401012021
140013102
104011121
111210302
120012202
211111211
112104101
131030201
301123002
220003112
221030112
212013002
201113012
230030201
112102121
201211211
212031011
302030111
212013101
131012201
220111111
211131101
130113101
221020211
221002212
320002211
220020202
221002011
210113102
211023001
310122101
311011121
310121112
311002302
112104012
010220011
410012112
311022102
301002101
210012112
111112102
113022002
121011122
121131011
112020112
221022002
311021111
211131002
110101221
211022101
221011212
221020301
410023002
131040002
212022012
211141001
220121112
121122102
310121202
031003102
111002022
102210301
121004101
010102122
301141001
131011211
301011202
202131001
011302122
212002122
121021112
010204012
121012202
040022101
131012201
140013101
120222011
130111011
023022102
202010101
121020101
131010122
130113102
212001221
111202212
102002212
202111211
121021102
122022012
121113101
131022011
200021112
220102101
121123002
220132001
022130112
122021111
131032002
410012201
203004011
221031011
122022101
220012112
212030102
211113011
311002211
220120302
221011302
221021111
121113001
104012012
131031101
012231012
220102122
311012111
112113011
103112112
220111212
220131102
410003202
320021101
311001312
111111302
301011111
111101402
122011301
211040102
230010311
113020111
310023002
301130022
113003201
410013102
211111111
221013101
220103101
122011302
221030111
111112112
111231011
201222012
020222101
221014002
221011122
210022102
203022102
111122102
302012102
121121011
210211021
030101101
012213001
112120302
211112202
120220111
212003201
302002111
310112111
211121102
100222101
500012012
130121101
120001212
211113101
131002111
002111202
140021001
022022001
121110021
110021112
220103101
221003201
104022102
121111211
221012202
302020111
103012112
311011121
131021102
211022101
130040102
023022012
121112202
131012202
210021201
311011212
023002201
022120211
311003111
230012201
401030202
210231102
122001312
131022011
031110212
311040102
031112112
022103022
121100501
021112201
131011211
220121202
122020302
130011212
041002101
121122012
211031012
140012112
212032001
202012021
110202302
031131102
122022001
302012111
221013101
221013012
121113012
401011212
040011122
221021102
022011022
032022001
221021022
203013011
121112201
311011001
021132001
103102212
122010202
131013101
320012011
140011301
220122101
211111212
120022001
310112202
310122012
022104011
220111111
220122101
202123002
210221112
023012011
112012001
300011202
130022101
120103111
212001212
121022102
310031001
121121011
212014001
121132002
120112111
022111111
112012002
211122102
030121011
311022102
112132001
121111122
210111112
011321202
122010211
200220302
212021111
031102111
131012112
111212202
212020021
311012202
311012102
221001402
202111011
301123001
111204012
131011201
122012112
032023001
311030202
302020212
031012112
112121112
111123002
211102121
112021201
302020302
310112112
121101222
103013101
311011212
131031102
032021012
014000321
310012111
140012201
113022102
220103111
310003202
111231101
120121102
212023001
300121112
112103112
201021111
210121201
221011212
311012102
302031012
220121112
211030111
113003021
041002211
310010032
110110211
113012202
202012102
310112021
110312012
400123002
111001212
020130112
301110221
203002211
311022011
320011302
032011111
201101021
131011212
220012102
111121112
211113012
201221111
112020011
311014001
310111211
021112112
202140012
202012112
140012111
203031002
120120022
004140012
120220211
050011111
120231011
021222102
201210211
320002212
010230012
212001011
310001302
122001111
110214002
102111201
131012001
021111302
211131012
130041002
202112111
111222101
211102031
221011121
211131012
040011212
013013001
121011012
140011301
031013012
111122002
112121201
022001302
112022012
102111112
130113001
120111001
211122101
011230021
131020112
203040001
311022101
210105001
022100001
111000001
103123001
311003202
102222011
131001221
212011021
211132001
122011111
211113101
121112201
013111301
013121202
131022011
121114001
022122001
221013001
121001022
103103011
131004102
221020101
211101101
112100301
212000322
121031101
210122101
221004101
221022012
050003021
031112102
023030202
040013012
040140011
103040102
311021112
130013001
121121111
311022012
111022102
121114002
112114001
401012012
202104001
210112112
301012201
202112011
112110301
122011111
112121101
101221202
211104101
121041002
220112112
320021102
021204002
022140102
122011122
203014001
210121202
110113102
112112021
212013102
121113012
102222012
112112022
030112101
210131101
110231102
211021111
111021001
121011201
002222012
401031002
103112021
131001131
121030202
022121112
200012111
021201211
112130101
211121202
302011211
122023001
201022001
111012012
023022102
211122011
131012202
111104101
130113011
130120112
140013012
221022011
221004102
211122102
221030202
311021111
310112102
311011201
131022102
103111212
130120122
201123002
230021112
211111122
041011032
311012101
221013102
220023001
221030202
110222102
311002212
230012112
221031102
122013101
301002122
210022011
211122102
230003201
302021201
211111111
031130112
122050002
102111111
122002111
102230112
111120211
401022011
011121011
221000222
212012201
302012112
230013001
230021011
112012202
110112111
112031102
113012202
211113011
003011211
122011212
211003201
301120122
211121111
121031101
140003202
012201312
031021201
130011112
122021201
102210312
401021202
140002211
302001011
221022102
220014001
230041001
004011012
211011211
212040102
112122011
212001121
140013101
120112011
202102201
200111201
002222102
122003201
210112112
201222001
221021022
310123002
011013012
212002011
011021102
130131011
211023001
210121002
101111122
121121201
211022011
221012202
121022102
212011121
112012021
302031101
301111302
130122011
012214001
131012021
212023001
302013101
021131102
220103201
301011212
220111201
112121112
211121112
040112101
311021112
131031101
130123001
113030111
131021111
131021201
112011121
130031102
210012112
220103021
311001221
221002122
112121202
211121112
320013011
120121101
140030111
122031011
202132001
211002011
TS 3830045
TSW 2090785
TSL 1739260
AS 205.872124
ASW 112.383627
ASL 93.488497
